; matrix-scan  -v 1 -quick -seq_format fasta -i $RSAT/public_html/tmp/apache/2014/10/08/peak-motifs.2014-10-08.083939_2014-10-08.083939_hIGyA6/data/sequences/peak-motifs_test.fasta -matrix_format transfac -m $RSAT/public_html/tmp/apache/2014/10/08/peak-motifs.2014-10-08.083939_2014-10-08.083939_hIGyA6/results/discovered_motifs/oligos_7nt_mkv5_m2/peak-motifs_oligos_7nt_mkv5_m2.tf -pseudo 1 -2str -decimals 1 -bg_pseudo 0.01 -n score -lth score -5 -bginput -markov 1 -return distrib -return occ_proba -o $RSAT/public_html/tmp/apache/2014/10/08/peak-motifs.2014-10-08.083939_2014-10-08.083939_hIGyA6/results/discovered_motifs/oligos_7nt_mkv5_m2/peak-motifs_oligos_7nt_mkv5_m2_scan_mkv1_enrichment.tab
; Quick counting mode          
; Input files
;	input	/vh/rsat/rsat/public_html/tmp/apache/2014/10/08/peak-motifs.2014-10-08.083939_2014-10-08.083939_hIGyA6/data/sequences/peak-motifs_test.fasta
; Matrix files
;	matrix 1	/vh/rsat/rsat/public_html/tmp/apache/2014/10/08/peak-motifs.2014-10-08.083939_2014-10-08.083939_hIGyA6/results/discovered_motifs/oligos_7nt_mkv5_m2/peak-motifs_oligos_7nt_mkv5_m2.tf
; Sequence format      	fasta
; Output files
;	output	/vh/rsat/rsat/public_html/tmp/apache/2014/10/08/peak-motifs.2014-10-08.083939_2014-10-08.083939_hIGyA6/results/discovered_motifs/oligos_7nt_mkv5_m2/peak-motifs_oligos_7nt_mkv5_m2_scan_mkv1_enrichment.tab
; Pseudo counts        	1
; Background model
;	Method        	input
;	Markov order  	1
;	Strand        	undef
;	Background pseudo-frequency	0.01
;	Residue probabilities
;		a	0.29701
;		c	0.20351
;		g	0.20377
;		t	0.29571
; Thresholds	lower	upper
;	score 	-5   	NA
;
; Matrices
;	matrix	name              	ncol	nrow	pseudo	Wmin	Wmax	Wrange
;	1	oligos_7nt_mkv5_m2	11	4	1	-39.100	11.500	50.600	a:0.297 c:0.204 g:0.204 t:0.296 
;
; Score distribution
#matrix	score	occ	occ_cum	inv_cum	inv_cum_freq	occ_prior	exp_occ	occ_Pval	occ_Eval	occ_sig	occ_sig_rank
oligos_7nt_mkv5_m2	-5.0	1585	2562890	53114	2.030349e-02	1.528746e-02	39992.04	0.000000e+00	0.000000e+00	350.00	1
oligos_7nt_mkv5_m2	-4.9	1417	2564307	51697	1.976183e-02	1.475135e-02	38589.58	0.000000e+00	0.000000e+00	350.00	2
oligos_7nt_mkv5_m2	-4.8	1521	2565828	50176	1.918041e-02	1.433053e-02	37488.70	0.000000e+00	0.000000e+00	350.00	3
oligos_7nt_mkv5_m2	-4.7	1305	2567133	48871	1.868155e-02	1.384172e-02	36209.99	0.000000e+00	0.000000e+00	350.00	4
oligos_7nt_mkv5_m2	-4.6	1433	2568566	47438	1.813377e-02	1.338711e-02	35020.73	0.000000e+00	0.000000e+00	350.00	5
oligos_7nt_mkv5_m2	-4.5	1372	2569938	46066	1.760931e-02	1.298142e-02	33959.44	0.000000e+00	0.000000e+00	350.00	6
oligos_7nt_mkv5_m2	-4.4	1191	2571129	44875	1.715403e-02	1.249973e-02	32699.34	0.000000e+00	0.000000e+00	350.00	7
oligos_7nt_mkv5_m2	-4.3	1244	2572373	43631	1.667850e-02	1.213490e-02	31744.92	0.000000e+00	0.000000e+00	350.00	8
oligos_7nt_mkv5_m2	-4.2	1196	2573569	42435	1.622131e-02	1.172789e-02	30680.19	0.000000e+00	0.000000e+00	350.00	9
oligos_7nt_mkv5_m2	-4.1	1219	2574788	41216	1.575533e-02	1.131934e-02	29611.43	0.000000e+00	0.000000e+00	350.00	10
oligos_7nt_mkv5_m2	-4.0	1147	2575935	40069	1.531688e-02	1.097336e-02	28706.34	0.000000e+00	0.000000e+00	350.00	11
oligos_7nt_mkv5_m2	-3.9	1059	2576994	39010	1.491206e-02	1.057354e-02	27660.40	0.000000e+00	0.000000e+00	350.00	12
oligos_7nt_mkv5_m2	-3.8	1428	2578422	37582	1.436619e-02	1.020641e-02	26700.00	0.000000e+00	0.000000e+00	350.00	13
oligos_7nt_mkv5_m2	-3.7	983	2579405	36599	1.399043e-02	9.854418e-03	25779.19	0.000000e+00	0.000000e+00	350.00	14
oligos_7nt_mkv5_m2	-3.6	1021	2580426	35578	1.360014e-02	9.566322e-03	25025.53	0.000000e+00	0.000000e+00	350.00	15
oligos_7nt_mkv5_m2	-3.5	1055	2581481	34523	1.319685e-02	9.244757e-03	24184.31	0.000000e+00	0.000000e+00	350.00	16
oligos_7nt_mkv5_m2	-3.4	1057	2582538	33466	1.279280e-02	8.923071e-03	23342.78	0.000000e+00	0.000000e+00	350.00	17
oligos_7nt_mkv5_m2	-3.3	872	2583410	32594	1.245947e-02	8.609583e-03	22522.69	0.000000e+00	0.000000e+00	350.00	18
oligos_7nt_mkv5_m2	-3.2	924	2584334	31670	1.210626e-02	8.340815e-03	21819.60	0.000000e+00	0.000000e+00	350.00	19
oligos_7nt_mkv5_m2	-3.1	843	2585177	30827	1.178401e-02	8.052912e-03	21066.44	0.000000e+00	0.000000e+00	350.00	20
oligos_7nt_mkv5_m2	-3.0	851	2586028	29976	1.145870e-02	7.787894e-03	20373.15	0.000000e+00	0.000000e+00	350.00	21
oligos_7nt_mkv5_m2	-2.9	834	2586862	29142	1.113990e-02	7.514704e-03	19658.49	0.000000e+00	0.000000e+00	350.00	22
oligos_7nt_mkv5_m2	-2.8	929	2587791	28213	1.078477e-02	7.249508e-03	18964.73	0.000000e+00	0.000000e+00	350.00	23
oligos_7nt_mkv5_m2	-2.7	767	2588558	27446	1.049158e-02	7.006563e-03	18329.19	0.000000e+00	0.000000e+00	350.00	24
oligos_7nt_mkv5_m2	-2.6	648	2589206	26798	1.024387e-02	6.773563e-03	17719.66	0.000000e+00	0.000000e+00	350.00	25
oligos_7nt_mkv5_m2	-2.5	889	2590095	25909	9.904041e-03	6.549428e-03	17133.32	0.000000e+00	0.000000e+00	350.00	26
oligos_7nt_mkv5_m2	-2.4	647	2590742	25262	9.656717e-03	6.313623e-03	16516.46	0.000000e+00	0.000000e+00	350.00	27
oligos_7nt_mkv5_m2	-2.3	695	2591437	24567	9.391044e-03	6.094390e-03	15942.94	0.000000e+00	0.000000e+00	350.00	28
oligos_7nt_mkv5_m2	-2.2	686	2592123	23881	9.128812e-03	5.894445e-03	15419.89	0.000000e+00	0.000000e+00	350.00	29
oligos_7nt_mkv5_m2	-2.1	876	2592999	23005	8.793950e-03	5.685549e-03	14873.41	0.000000e+00	0.000000e+00	350.00	30
oligos_7nt_mkv5_m2	-2.0	865	2593864	22140	8.463293e-03	5.473813e-03	14319.51	0.000000e+00	0.000000e+00	350.00	31
oligos_7nt_mkv5_m2	-1.9	657	2594521	21483	8.212147e-03	5.281921e-03	13817.52	0.000000e+00	0.000000e+00	350.00	32
oligos_7nt_mkv5_m2	-1.8	609	2595130	20874	7.979349e-03	5.069972e-03	13263.06	0.000000e+00	0.000000e+00	350.00	33
oligos_7nt_mkv5_m2	-1.7	618	2595748	20256	7.743110e-03	4.884424e-03	12777.67	0.000000e+00	0.000000e+00	350.00	34
oligos_7nt_mkv5_m2	-1.6	840	2596588	19416	7.422010e-03	4.718330e-03	12343.17	0.000000e+00	0.000000e+00	350.00	35
oligos_7nt_mkv5_m2	-1.5	750	2597338	18666	7.135313e-03	4.522669e-03	11831.31	0.000000e+00	0.000000e+00	350.00	36
oligos_7nt_mkv5_m2	-1.4	632	2597970	18034	6.893723e-03	4.362563e-03	11412.48	0.000000e+00	0.000000e+00	350.00	37
oligos_7nt_mkv5_m2	-1.3	609	2598579	17425	6.660925e-03	4.170774e-03	10910.76	0.000000e+00	0.000000e+00	350.00	38
oligos_7nt_mkv5_m2	-1.2	586	2599165	16839	6.436919e-03	4.035540e-03	10556.98	0.000000e+00	0.000000e+00	350.00	39
oligos_7nt_mkv5_m2	-1.1	584	2599749	16255	6.213678e-03	3.878621e-03	10146.48	0.000000e+00	0.000000e+00	350.00	40
oligos_7nt_mkv5_m2	-1.0	474	2600223	15781	6.032485e-03	3.716547e-03	9722.50	0.000000e+00	0.000000e+00	350.00	41
oligos_7nt_mkv5_m2	-0.9	491	2600714	15290	5.844795e-03	3.579177e-03	9363.14	0.000000e+00	0.000000e+00	350.00	42
oligos_7nt_mkv5_m2	-0.8	450	2601164	14840	5.672776e-03	3.436966e-03	8991.11	0.000000e+00	0.000000e+00	350.00	43
oligos_7nt_mkv5_m2	-0.7	424	2601588	14416	5.510697e-03	3.301420e-03	8636.53	0.000000e+00	0.000000e+00	350.00	44
oligos_7nt_mkv5_m2	-0.6	418	2602006	13998	5.350911e-03	3.180013e-03	8318.92	0.000000e+00	0.000000e+00	350.00	45
oligos_7nt_mkv5_m2	-0.5	465	2602471	13533	5.173159e-03	3.059865e-03	8004.62	0.000000e+00	0.000000e+00	350.00	46
oligos_7nt_mkv5_m2	-0.4	367	2602838	13166	5.032869e-03	2.938459e-03	7687.02	0.000000e+00	0.000000e+00	350.00	47
oligos_7nt_mkv5_m2	-0.3	425	2603263	12741	4.870407e-03	2.843498e-03	7438.60	0.000000e+00	0.000000e+00	350.00	48
oligos_7nt_mkv5_m2	-0.2	337	2603600	12404	4.741585e-03	2.735050e-03	7154.90	0.000000e+00	0.000000e+00	350.00	49
oligos_7nt_mkv5_m2	-0.1	343	2603943	12061	4.610469e-03	2.637945e-03	6900.87	0.000000e+00	0.000000e+00	350.00	50
oligos_7nt_mkv5_m2	0.0	309	2604252	11752	4.492350e-03	2.540209e-03	6645.19	0.000000e+00	0.000000e+00	350.00	51
oligos_7nt_mkv5_m2	0.1	302	2604554	11450	4.376906e-03	2.453008e-03	6417.07	0.000000e+00	0.000000e+00	350.00	52
oligos_7nt_mkv5_m2	0.2	290	2604844	11160	4.266050e-03	2.354567e-03	6159.55	0.000000e+00	0.000000e+00	350.00	53
oligos_7nt_mkv5_m2	0.3	295	2605139	10865	4.153283e-03	2.268315e-03	5933.92	0.000000e+00	0.000000e+00	350.00	54
oligos_7nt_mkv5_m2	0.4	294	2605433	10571	4.040898e-03	2.189077e-03	5726.63	0.000000e+00	0.000000e+00	350.00	55
oligos_7nt_mkv5_m2	0.5	280	2605713	10291	3.933864e-03	2.117393e-03	5539.11	0.000000e+00	0.000000e+00	350.00	56
oligos_7nt_mkv5_m2	0.6	246	2605959	10045	3.839827e-03	2.042265e-03	5342.57	0.000000e+00	0.000000e+00	350.00	57
oligos_7nt_mkv5_m2	0.7	255	2606214	9790	3.742350e-03	1.973494e-03	5162.67	0.000000e+00	0.000000e+00	350.00	58
oligos_7nt_mkv5_m2	0.8	260	2606474	9530	3.642962e-03	1.898056e-03	4965.32	0.000000e+00	0.000000e+00	350.00	59
oligos_7nt_mkv5_m2	0.9	234	2606708	9296	3.553513e-03	1.816985e-03	4753.24	0.000000e+00	0.000000e+00	350.00	60
oligos_7nt_mkv5_m2	1.0	195	2606903	9101	3.478972e-03	1.749163e-03	4575.82	0.000000e+00	0.000000e+00	350.00	61
oligos_7nt_mkv5_m2	1.1	229	2607132	8872	3.391433e-03	1.688579e-03	4417.33	0.000000e+00	0.000000e+00	350.00	62
oligos_7nt_mkv5_m2	1.2	304	2607436	8568	3.275226e-03	1.621158e-03	4240.95	0.000000e+00	0.000000e+00	350.00	63
oligos_7nt_mkv5_m2	1.3	250	2607686	8318	3.179660e-03	1.557707e-03	4074.97	0.000000e+00	0.000000e+00	350.00	64
oligos_7nt_mkv5_m2	1.4	267	2607953	8051	3.077596e-03	1.505192e-03	3937.59	0.000000e+00	0.000000e+00	350.00	65
oligos_7nt_mkv5_m2	1.5	259	2608212	7792	2.978590e-03	1.428024e-03	3735.71	0.000000e+00	0.000000e+00	350.00	66
oligos_7nt_mkv5_m2	1.6	183	2608395	7609	2.908636e-03	1.372862e-03	3591.41	0.000000e+00	0.000000e+00	350.00	67
oligos_7nt_mkv5_m2	1.7	210	2608605	7399	2.828361e-03	1.309041e-03	3424.46	0.000000e+00	0.000000e+00	350.00	68
oligos_7nt_mkv5_m2	1.8	242	2608847	7157	2.735853e-03	1.264182e-03	3307.11	0.000000e+00	0.000000e+00	350.00	69
oligos_7nt_mkv5_m2	1.9	283	2609130	6874	2.627673e-03	1.210772e-03	3167.38	0.000000e+00	0.000000e+00	350.00	70
oligos_7nt_mkv5_m2	2.0	205	2609335	6669	2.549309e-03	1.141653e-03	2986.57	0.000000e+00	0.000000e+00	350.00	71
oligos_7nt_mkv5_m2	2.1	208	2609543	6461	2.469798e-03	1.088373e-03	2847.19	0.000000e+00	0.000000e+00	350.00	72
oligos_7nt_mkv5_m2	2.2	200	2609743	6261	2.393346e-03	1.036160e-03	2710.60	0.000000e+00	0.000000e+00	350.00	73
oligos_7nt_mkv5_m2	2.3	194	2609937	6067	2.319187e-03	9.837305e-04	2573.44	0.000000e+00	0.000000e+00	350.00	74
oligos_7nt_mkv5_m2	2.4	182	2610119	5885	2.249615e-03	9.391005e-04	2456.69	0.000000e+00	0.000000e+00	350.00	75
oligos_7nt_mkv5_m2	2.5	212	2610331	5673	2.168575e-03	9.016461e-04	2358.71	0.000000e+00	0.000000e+00	350.00	76
oligos_7nt_mkv5_m2	2.6	229	2610560	5444	2.081037e-03	8.551890e-04	2237.18	0.000000e+00	0.000000e+00	350.00	77
oligos_7nt_mkv5_m2	2.7	201	2610761	5243	2.004203e-03	8.084555e-04	2114.92	0.000000e+00	0.000000e+00	350.00	78
oligos_7nt_mkv5_m2	2.8	138	2610899	5105	1.951450e-03	7.655262e-04	2002.62	0.000000e+00	0.000000e+00	350.00	79
oligos_7nt_mkv5_m2	2.9	167	2611066	4938	1.887613e-03	7.323796e-04	1915.91	0.000000e+00	0.000000e+00	350.00	80
oligos_7nt_mkv5_m2	3.0	171	2611237	4767	1.822246e-03	6.976375e-04	1825.02	0.000000e+00	0.000000e+00	350.00	81
oligos_7nt_mkv5_m2	3.1	219	2611456	4548	1.738530e-03	6.548455e-04	1713.08	0.000000e+00	0.000000e+00	350.00	82
oligos_7nt_mkv5_m2	3.2	112	2611568	4436	1.695717e-03	6.223891e-04	1628.17	0.000000e+00	0.000000e+00	350.00	83
oligos_7nt_mkv5_m2	3.3	107	2611675	4329	1.654815e-03	5.933131e-04	1552.11	0.000000e+00	0.000000e+00	350.00	84
oligos_7nt_mkv5_m2	3.4	128	2611803	4201	1.605885e-03	5.660476e-04	1480.78	0.000000e+00	0.000000e+00	350.00	85
oligos_7nt_mkv5_m2	3.5	128	2611931	4073	1.556955e-03	5.352194e-04	1400.14	0.000000e+00	0.000000e+00	350.00	86
oligos_7nt_mkv5_m2	3.6	163	2612094	3910	1.494647e-03	5.082691e-04	1329.63	0.000000e+00	0.000000e+00	350.00	87
oligos_7nt_mkv5_m2	3.7	98	2612192	3812	1.457185e-03	4.835549e-04	1264.98	0.000000e+00	0.000000e+00	350.00	88
oligos_7nt_mkv5_m2	3.8	106	2612298	3706	1.416665e-03	4.603832e-04	1204.36	0.000000e+00	0.000000e+00	350.00	89
oligos_7nt_mkv5_m2	3.9	75	2612373	3631	1.387995e-03	4.369733e-04	1143.12	0.000000e+00	0.000000e+00	350.00	90
oligos_7nt_mkv5_m2	4.0	76	2612449	3555	1.358943e-03	4.156160e-04	1087.25	0.000000e+00	0.000000e+00	350.00	91
oligos_7nt_mkv5_m2	4.1	106	2612555	3449	1.318424e-03	3.961568e-04	1036.35	0.000000e+00	0.000000e+00	350.00	92
oligos_7nt_mkv5_m2	4.2	86	2612641	3363	1.285549e-03	3.775170e-04	987.59	0.000000e+00	0.000000e+00	350.00	93
oligos_7nt_mkv5_m2	4.3	101	2612742	3262	1.246940e-03	3.593234e-04	939.99	0.000000e+00	0.000000e+00	350.00	94
oligos_7nt_mkv5_m2	4.4	110	2612852	3152	1.204892e-03	3.415074e-04	893.38	0.000000e+00	0.000000e+00	350.00	95
oligos_7nt_mkv5_m2	4.5	175	2613027	2977	1.137996e-03	3.278849e-04	857.75	0.000000e+00	0.000000e+00	350.00	96
oligos_7nt_mkv5_m2	4.6	158	2613185	2819	1.077598e-03	3.075742e-04	804.62	0.000000e+00	0.000000e+00	350.00	97
oligos_7nt_mkv5_m2	4.7	91	2613276	2728	1.042812e-03	2.941637e-04	769.53	0.000000e+00	0.000000e+00	350.00	98
oligos_7nt_mkv5_m2	4.8	79	2613355	2649	1.012614e-03	2.796197e-04	731.49	0.000000e+00	0.000000e+00	350.00	99
oligos_7nt_mkv5_m2	4.9	126	2613481	2523	9.644484e-04	2.610349e-04	682.87	0.000000e+00	0.000000e+00	350.00	100
oligos_7nt_mkv5_m2	5.0	111	2613592	2412	9.220173e-04	2.488130e-04	650.90	0.000000e+00	0.000000e+00	350.00	101
oligos_7nt_mkv5_m2	5.1	63	2613655	2349	8.979348e-04	2.350072e-04	614.78	0.000000e+00	0.000000e+00	350.00	102
oligos_7nt_mkv5_m2	5.2	38	2613693	2311	8.834088e-04	2.247746e-04	588.01	0.000000e+00	0.000000e+00	350.00	103
oligos_7nt_mkv5_m2	5.3	126	2613819	2185	8.352437e-04	2.095193e-04	548.10	0.000000e+00	0.000000e+00	350.00	104
oligos_7nt_mkv5_m2	5.4	66	2613885	2119	8.100144e-04	2.013866e-04	526.83	0.000000e+00	0.000000e+00	350.00	105
oligos_7nt_mkv5_m2	5.5	180	2614065	1939	7.412071e-04	1.919682e-04	502.19	0.000000e+00	0.000000e+00	350.00	106
oligos_7nt_mkv5_m2	5.6	57	2614122	1882	7.194181e-04	1.799417e-04	470.73	0.000000e+00	0.000000e+00	350.00	107
oligos_7nt_mkv5_m2	5.7	42	2614164	1840	7.033631e-04	1.682969e-04	440.27	0.000000e+00	0.000000e+00	350.00	108
oligos_7nt_mkv5_m2	5.8	34	2614198	1806	6.903662e-04	1.601565e-04	418.97	0.000000e+00	0.000000e+00	350.00	109
oligos_7nt_mkv5_m2	5.9	283	2614481	1523	5.821859e-04	1.532336e-04	400.86	0.000000e+00	0.000000e+00	350.00	110
oligos_7nt_mkv5_m2	6.0	52	2614533	1471	5.623082e-04	1.452610e-04	380.00	0.000000e+00	0.000000e+00	350.00	111
oligos_7nt_mkv5_m2	6.1	32	2614565	1439	5.500758e-04	1.377096e-04	360.25	0.000000e+00	0.000000e+00	350.00	112
oligos_7nt_mkv5_m2	6.2	36	2614601	1403	5.363144e-04	1.316224e-04	344.32	0.000000e+00	0.000000e+00	350.00	113
oligos_7nt_mkv5_m2	6.3	33	2614634	1370	5.236997e-04	1.261912e-04	330.12	0.000000e+00	0.000000e+00	350.00	114
oligos_7nt_mkv5_m2	6.4	22	2614656	1348	5.152899e-04	1.191006e-04	311.57	0.000000e+00	0.000000e+00	350.00	115
oligos_7nt_mkv5_m2	6.5	52	2614708	1296	4.954123e-04	1.156670e-04	302.59	0.000000e+00	0.000000e+00	350.00	116
oligos_7nt_mkv5_m2	6.6	21	2614729	1275	4.873848e-04	1.105064e-04	289.09	0.000000e+00	0.000000e+00	350.00	117
oligos_7nt_mkv5_m2	6.7	16	2614745	1259	4.812686e-04	1.065842e-04	278.82	0.000000e+00	0.000000e+00	350.00	118
oligos_7nt_mkv5_m2	6.8	18	2614763	1241	4.743878e-04	1.022395e-04	267.46	0.000000e+00	0.000000e+00	350.00	119
oligos_7nt_mkv5_m2	6.9	14	2614777	1227	4.690362e-04	9.761110e-05	255.35	0.000000e+00	0.000000e+00	350.00	120
oligos_7nt_mkv5_m2	7.0	25	2614802	1202	4.594796e-04	9.535643e-05	249.45	0.000000e+00	0.000000e+00	350.00	121
oligos_7nt_mkv5_m2	7.1	14	2614816	1188	4.541279e-04	9.012321e-05	235.76	0.000000e+00	0.000000e+00	350.00	122
oligos_7nt_mkv5_m2	7.2	27	2614843	1161	4.438068e-04	8.793986e-05	230.05	0.000000e+00	0.000000e+00	350.00	123
oligos_7nt_mkv5_m2	7.3	24	2614867	1137	4.346325e-04	8.381416e-05	219.26	0.000000e+00	0.000000e+00	350.00	124
oligos_7nt_mkv5_m2	7.4	27	2614894	1110	4.243114e-04	8.060879e-05	210.87	0.000000e+00	0.000000e+00	350.00	125
oligos_7nt_mkv5_m2	7.5	10	2614904	1100	4.204888e-04	7.759263e-05	202.98	0.000000e+00	0.000000e+00	350.00	126
oligos_7nt_mkv5_m2	7.6	17	2614921	1083	4.139904e-04	7.449480e-05	194.88	0.000000e+00	0.000000e+00	350.00	127
oligos_7nt_mkv5_m2	7.7	23	2614944	1060	4.051983e-04	7.245450e-05	189.54	0.000000e+00	0.000000e+00	350.00	128
oligos_7nt_mkv5_m2	7.8	35	2614979	1025	3.918191e-04	6.932977e-05	181.37	0.000000e+00	0.000000e+00	350.00	129
oligos_7nt_mkv5_m2	7.9	21	2615000	1004	3.837916e-04	6.579921e-05	172.13	0.000000e+00	0.000000e+00	350.00	130
oligos_7nt_mkv5_m2	8.0	16	2615016	988	3.776754e-04	6.210330e-05	162.46	0.000000e+00	0.000000e+00	350.00	131
oligos_7nt_mkv5_m2	8.1	114	2615130	874	3.340975e-04	5.871768e-05	153.61	0.000000e+00	0.000000e+00	350.00	132
oligos_7nt_mkv5_m2	8.2	15	2615145	859	3.283635e-04	5.598145e-05	146.45	0.000000e+00	0.000000e+00	350.00	133
oligos_7nt_mkv5_m2	8.3	36	2615181	823	3.146021e-04	5.233489e-05	136.91	0.000000e+00	0.000000e+00	350.00	134
oligos_7nt_mkv5_m2	8.4	28	2615209	795	3.038987e-04	5.033647e-05	131.68	0.000000e+00	0.000000e+00	350.00	135
oligos_7nt_mkv5_m2	8.5	47	2615256	748	2.859324e-04	4.652272e-05	121.70	2.157585e-320	3.689470e-318	317.43	136
oligos_7nt_mkv5_m2	8.6	14	2615270	734	2.805807e-04	4.194980e-05	109.74	0.000000e+00	0.000000e+00	350.00	137
oligos_7nt_mkv5_m2	8.7	29	2615299	705	2.694951e-04	3.940576e-05	103.09	0.000000e+00	0.000000e+00	350.00	138
oligos_7nt_mkv5_m2	8.8	23	2615322	682	2.607031e-04	3.627441e-05	94.89	0.000000e+00	0.000000e+00	350.00	139
oligos_7nt_mkv5_m2	8.9	9	2615331	673	2.572627e-04	3.212617e-05	84.04	0.000000e+00	0.000000e+00	350.00	140
oligos_7nt_mkv5_m2	9.0	54	2615385	619	2.366205e-04	2.998279e-05	78.44	4.446591e-323	7.603670e-321	320.12	141
oligos_7nt_mkv5_m2	9.1	23	2615408	596	2.278285e-04	2.836746e-05	74.21	4.033867e-315	6.897913e-313	312.16	142
oligos_7nt_mkv5_m2	9.2	67	2615475	529	2.022169e-04	2.647924e-05	69.27	7.590827e-270	1.298031e-267	266.89	143
oligos_7nt_mkv5_m2	9.3	16	2615491	513	1.961007e-04	2.271114e-05	59.41	9.580728e-286	1.638304e-283	282.79	144
oligos_7nt_mkv5_m2	9.4	14	2615505	499	1.907490e-04	1.957241e-05	51.20	2.179128e-301	3.726308e-299	298.43	145
oligos_7nt_mkv5_m2	9.5	32	2615537	467	1.785166e-04	1.785239e-05	46.70	6.895709e-287	1.179166e-284	283.93	146
oligos_7nt_mkv5_m2	9.6	59	2615596	408	1.559631e-04	1.615069e-05	42.25	2.311178e-245	3.952115e-243	242.40	147
oligos_7nt_mkv5_m2	9.7	26	2615622	382	1.460243e-04	1.445806e-05	37.82	1.483416e-236	2.536641e-234	233.60	148
oligos_7nt_mkv5_m2	9.8	4	2615626	378	1.444952e-04	1.217726e-05	31.86	3.818399e-258	6.529462e-256	255.19	149
oligos_7nt_mkv5_m2	9.9	14	2615640	364	1.391436e-04	1.069750e-05	27.98	5.167086e-262	8.835717e-260	259.05	150
oligos_7nt_mkv5_m2	10.0	5	2615645	359	1.372323e-04	8.993067e-06	23.53	1.393077e-281	2.382162e-279	278.62	151
oligos_7nt_mkv5_m2	10.1	10	2615655	349	1.334096e-04	7.888877e-06	20.64	2.093794e-288	3.580387e-286	285.45	152
oligos_7nt_mkv5_m2	10.2	28	2615683	321	1.227063e-04	7.249730e-06	18.97	1.497696e-265	2.561061e-263	262.59	153
oligos_7nt_mkv5_m2	10.3	9	2615692	312	1.192659e-04	5.944078e-06	15.55	5.708844e-280	9.762123e-278	277.01	154
oligos_7nt_mkv5_m2	10.4	19	2615711	293	1.120029e-04	4.929424e-06	12.90	3.920043e-278	6.703274e-276	275.17	155
oligos_7nt_mkv5_m2	10.5	4	2615715	289	1.104739e-04	3.816244e-06	9.98	1.397470e-303	2.389674e-301	300.62	156
oligos_7nt_mkv5_m2	10.6	5	2615720	284	1.085626e-04	3.421972e-06	8.95	2.722518e-309	4.655505e-307	306.33	157
oligos_7nt_mkv5_m2	10.7	8	2615728	276	1.055045e-04	3.320183e-06	8.69	7.931802e-301	1.356338e-298	297.87	158
oligos_7nt_mkv5_m2	10.8	18	2615746	258	9.862374e-05	2.576665e-06	6.74	1.341207e-301	2.293464e-299	298.64	159
oligos_7nt_mkv5_m2	10.9	19	2615765	239	9.136075e-05	2.120708e-06	5.55	1.627828e-291	2.783585e-289	288.56	160
oligos_7nt_mkv5_m2	11.0	197	2615962	42	1.605503e-05	1.980819e-06	5.18	4.630652e-24	7.918415e-22	21.10	161
oligos_7nt_mkv5_m2	11.1	2	2615964	40	1.529050e-05	1.764141e-06	4.61	5.041286e-24	8.620599e-22	21.06	162
oligos_7nt_mkv5_m2	11.3	2	2615966	38	1.452598e-05	1.072298e-06	2.81	1.311369e-29	2.242441e-27	26.65	163
oligos_7nt_mkv5_m2	11.4	12	2615978	26	9.938827e-06	1.046530e-06	2.74	4.204716e-17	7.190064e-15	14.14	164
oligos_7nt_mkv5_m2	11.5	4	2615982	22	8.409776e-06	8.857048e-07	2.32	1.040472e-14	1.779208e-12	11.75	165
oligos_7nt_mkv5_m2	11.6	11	2615993	11	4.204888e-06	6.998409e-07	1.83	3.661159e-06	6.260581e-04	3.20	166
oligos_7nt_mkv5_m2	11.9	1	2615994	10	3.822626e-06	4.645155e-07	1.22	6.444293e-07	1.101974e-04	3.96	167
oligos_7nt_mkv5_m2	12.0	3	2615997	7	2.675838e-06	3.614577e-07	0.95	5.896398e-05	1.008284e-02	2.00	168
oligos_7nt_mkv5_m2	12.2	5	2616002	2	7.645251e-07	1.809422e-07	0.47	8.223123e-02	1.406154e+01	-1.15	169
oligos_7nt_mkv5_m2	12.6	1	2616003	1	3.822626e-07	7.327163e-08	0.19	1.744280e-01	2.982719e+01	-1.47	170
oligos_7nt_mkv5_m2	12.7	1	2616004	0	0.000000e+00	6.493323e-08	0.17	1.000000e+00	1.710000e+02	-2.23	171
; Number of sequences scanned	7041
; Sum of sequence lengths	1476646
; N residues           	103394
; Matches per matrix
;	matrix	name              	matches	scored
;	1	oligos_7nt_mkv5_m2	2616003	2616003
;		TOTAL          	2616003	2616003
; Host name	biow
; Job started	2014-10-08.084644
; Job done	2014-10-08.084648
; Seconds	2.28
;	user	2.28
;	system	0.03
;	cuser	0.28
;	csystem	0.02
