; position-analysis -v 1 -i $RSAT/public_html/tmp/apache/2014/10/07/peak-motifs.2014-10-07.093009_2014-10-07.093009_rKpHEN/data/sequences/peak-motifs_test_purged_ml30_mis0.fasta -format fasta -sort -return html,chi,sig,distrib,exp_occ,graphs,rank,index -max_graphs 100 -2str -noov -seqtype dna -l 6 -ci 50 -lth_occ 1 -lth_sig 0 -uth_rank 100 -img_format png -title siGATA_ER_E2_r3 -origin center -max_graphs 20 -o $RSAT/public_html/tmp/apache/2014/10/07/peak-motifs.2014-10-07.093009_2014-10-07.093009_rKpHEN/results/positions_6nt/peak-motifs_positions-2str-noov_6nt_ci50.tab
; Profiles of expected occurrences
; Position intervals:
;	window	[min,max]	mid	seq	occ
;	1	-10	[-499,-450]	-474.5	2	26
;	2	-9	[-449,-400]	-424.5	4	160
;	3	-8	[-399,-350]	-374.5	17	541
;	4	-7	[-349,-300]	-324.5	47	1634
;	5	-6	[-299,-250]	-274.5	151	4755
;	6	-5	[-249,-200]	-224.5	500	16199
;	7	-4	[-199,-150]	-174.5	1362	45997
;	8	-3	[-149,-100]	-124.5	3060	110050
;	9	-2	[-99,-50]	-74.5	5716	222958
;	10	-1	[-49,0]	-24.5	7041	339537
;	11	0	[1,50]	25.5	7041	331341
;	12	1	[51,100]	75.5	5412	207018
;	13	2	[101,150]	125.5	2816	99975
;	14	3	[151,200]	175.5	1245	40908
;	15	4	[201,250]	225.5	450	14123
;	16	5	[251,300]	275.5	137	4130
;	17	6	[301,350]	325.5	42	1459
;	18	7	[351,400]	375.5	16	467
;	19	8	[401,450]	425.5	4	148
;	20	9	[451,500]	475.5	1	15
;
; column headers
;	1	seq            	pattern sequence
;	2	id             	pattern identifier
;	3	-474.5         	expected occurrences	in window	1	[-499,-450]
;	4	-424.5         	expected occurrences	in window	2	[-449,-400]
;	5	-374.5         	expected occurrences	in window	3	[-399,-350]
;	6	-324.5         	expected occurrences	in window	4	[-349,-300]
;	7	-274.5         	expected occurrences	in window	5	[-299,-250]
;	8	-224.5         	expected occurrences	in window	6	[-249,-200]
;	9	-174.5         	expected occurrences	in window	7	[-199,-150]
;	10	-124.5         	expected occurrences	in window	8	[-149,-100]
;	11	-74.5          	expected occurrences	in window	9	[-99,-50]
;	12	-24.5          	expected occurrences	in window	10	[-49,0]
;	13	25.5           	expected occurrences	in window	11	[1,50]
;	14	75.5           	expected occurrences	in window	12	[51,100]
;	15	125.5          	expected occurrences	in window	13	[101,150]
;	16	175.5          	expected occurrences	in window	14	[151,200]
;	17	225.5          	expected occurrences	in window	15	[201,250]
;	18	275.5          	expected occurrences	in window	16	[251,300]
;	19	325.5          	expected occurrences	in window	17	[301,350]
;	20	375.5          	expected occurrences	in window	18	[351,400]
;	21	425.5          	expected occurrences	in window	19	[401,450]
;	22	475.5          	expected occurrences	in window	20	[451,500]
#seq	id	-474.5	-424.5	-374.5	-324.5	-274.5	-224.5	-174.5	-124.5	-74.5	-24.5	25.5	75.5	125.5	175.5	225.5	275.5	325.5	375.5	425.5	475.5
aggtca	aggtca|tgacct	0.0	0.3	1.0	3.0	8.7	29.7	84.3	201.7	408.7	622.3	607.3	379.4	183.2	75.0	25.9	7.6	2.7	0.9	0.3	0.0
ggtcac	ggtcac|gtgacc	0.0	0.2	0.5	1.7	4.8	16.4	46.7	111.7	226.3	344.6	336.3	210.1	101.5	41.5	14.3	4.2	1.5	0.5	0.2	0.0
atgacc	atgacc|ggtcat	0.0	0.1	0.4	1.3	3.9	13.4	37.9	90.7	183.8	279.8	273.1	170.6	82.4	33.7	11.6	3.4	1.2	0.4	0.1	0.0
aaaaaa	aaaaaa|tttttt	0.0	0.2	0.6	1.9	5.4	18.5	52.5	125.6	254.4	387.5	378.1	236.3	114.1	46.7	16.1	4.7	1.7	0.5	0.2	0.0
caggtc	caggtc|gacctg	0.0	0.2	0.6	1.7	5.0	16.9	47.9	114.7	232.3	353.8	345.3	215.7	104.2	42.6	14.7	4.3	1.5	0.5	0.2	0.0
ctgacc	ctgacc|ggtcag	0.0	0.2	0.6	1.9	5.5	18.7	53.2	127.2	257.7	392.4	383.0	239.3	115.5	47.3	16.3	4.8	1.7	0.5	0.2	0.0
atgtca	atgtca|tgacat	0.0	0.2	0.6	1.9	5.6	19.1	54.1	129.5	262.3	399.5	389.9	243.6	117.6	48.1	16.6	4.9	1.7	0.5	0.2	0.0
aaggtc	aaggtc|gacctt	0.0	0.1	0.5	1.5	4.3	14.6	41.6	99.5	201.5	306.9	299.5	187.1	90.4	37.0	12.8	3.7	1.3	0.4	0.1	0.0
ttaaaa	ttaaaa|ttttaa	0.0	0.2	0.7	2.1	6.1	20.7	58.8	140.8	285.2	434.4	423.9	264.8	127.9	52.3	18.1	5.3	1.9	0.6	0.2	0.0
aaaaat	aaaaat|attttt	0.0	0.2	0.7	2.2	6.5	22.1	62.8	150.3	304.6	463.8	452.6	282.8	136.6	55.9	19.3	5.6	2.0	0.6	0.2	0.0
catgac	catgac|gtcatg	0.0	0.1	0.4	1.2	3.5	11.8	33.4	80.0	162.1	246.9	240.9	150.5	72.7	29.7	10.3	3.0	1.1	0.3	0.1	0.0
agggca	agggca|tgccct	0.0	0.2	0.8	2.3	6.8	23.0	65.4	156.6	317.2	483.1	471.5	294.6	142.3	58.2	20.1	5.9	2.1	0.7	0.2	0.0
gtgtca	gtgtca|tgacac	0.0	0.1	0.4	1.3	3.7	12.8	36.2	86.7	175.6	267.4	260.9	163.0	78.7	32.2	11.1	3.3	1.1	0.4	0.1	0.0
taaaaa	taaaaa|ttttta	0.0	0.2	0.7	2.0	5.8	19.8	56.4	134.8	273.2	416.0	405.9	253.6	122.5	50.1	17.3	5.1	1.8	0.6	0.2	0.0
gggtca	gggtca|tgaccc	0.0	0.2	0.5	1.6	4.5	15.4	43.7	104.7	212.1	322.9	315.1	196.9	95.1	38.9	13.4	3.9	1.4	0.4	0.1	0.0
ggtcaa	ggtcaa|ttgacc	0.0	0.1	0.4	1.2	3.5	11.9	33.8	80.9	164.0	249.7	243.7	152.2	73.5	30.1	10.4	3.0	1.1	0.3	0.1	0.0
aaaatt	aaaatt|aatttt	0.0	0.1	0.5	1.5	4.4	15.1	42.8	102.3	207.3	315.6	308.0	192.4	92.9	38.0	13.1	3.8	1.4	0.4	0.1	0.0
gaaaaa	gaaaaa|tttttc	0.0	0.2	0.7	2.0	5.9	19.9	56.6	135.5	274.6	418.1	408.0	254.9	123.1	50.4	17.4	5.1	1.8	0.6	0.2	0.0
aaaata	aaaata|tatttt	0.0	0.2	0.7	2.2	6.5	22.0	62.5	149.5	302.9	461.2	450.1	281.2	135.8	55.6	19.2	5.6	2.0	0.6	0.2	0.0
gacctc	gacctc|gaggtc	0.0	0.1	0.4	1.2	3.5	11.8	33.6	80.5	163.0	248.3	242.3	151.4	73.1	29.9	10.3	3.0	1.1	0.3	0.1	0.0
aaaaag	aaaaag|cttttt	0.0	0.2	0.6	1.9	5.4	18.5	52.7	126.0	255.2	388.7	379.3	237.0	114.4	46.8	16.2	4.7	1.7	0.5	0.2	0.0
gtcaca	gtcaca|tgtgac	0.0	0.2	0.5	1.6	4.5	15.4	43.7	104.6	211.9	322.7	314.9	196.8	95.0	38.9	13.4	3.9	1.4	0.4	0.1	0.0
ggtgac	ggtgac|gtcacc	0.0	0.1	0.4	1.3	3.9	13.1	37.3	89.3	181.0	275.6	268.9	168.0	81.1	33.2	11.5	3.4	1.2	0.4	0.1	0.0
cctgac	cctgac|gtcagg	0.0	0.2	0.5	1.5	4.5	15.3	43.3	103.7	210.1	319.9	312.2	195.0	94.2	38.5	13.3	3.9	1.4	0.4	0.1	0.0
aaaaga	aaaaga|tctttt	0.0	0.2	0.6	1.9	5.5	18.7	53.0	126.7	256.8	391.0	381.6	238.4	115.1	47.1	16.3	4.8	1.7	0.5	0.2	0.0
aatata	aatata|tatatt	0.0	0.1	0.3	1.0	2.8	9.5	26.9	64.3	130.2	198.3	193.5	120.9	58.4	23.9	8.2	2.4	0.9	0.3	0.1	0.0
caaaca	caaaca|tgtttg	0.0	0.2	0.8	2.5	7.2	24.7	70.1	167.7	339.7	517.3	504.8	315.4	152.3	62.3	21.5	6.3	2.2	0.7	0.2	0.0
agaaaa	agaaaa|ttttct	0.0	0.3	0.9	2.6	7.5	25.7	73.0	174.6	353.7	538.7	525.7	328.5	158.6	64.9	22.4	6.6	2.3	0.7	0.2	0.0
tttaaa	tttaaa|tttaaa	0.0	0.1	0.4	1.2	3.5	11.9	33.8	80.9	163.8	249.5	243.4	152.1	73.4	30.1	10.4	3.0	1.1	0.3	0.1	0.0
aaagaa	aaagaa|ttcttt	0.0	0.2	0.7	2.3	6.6	22.4	63.6	152.2	308.3	469.5	458.1	286.2	138.2	56.6	19.5	5.7	2.0	0.6	0.2	0.0
gagtca	gagtca|tgactc	0.0	0.2	0.5	1.6	4.7	16.0	45.4	108.7	220.3	335.4	327.3	204.5	98.8	40.4	14.0	4.1	1.4	0.5	0.1	0.0
cttgac	cttgac|gtcaag	0.0	0.1	0.4	1.1	3.2	10.8	30.8	73.6	149.1	227.1	221.6	138.4	66.9	27.4	9.4	2.8	1.0	0.3	0.1	0.0
ataata	ataata|tattat	0.0	0.1	0.3	1.0	2.8	9.5	27.1	64.7	131.2	199.7	194.9	121.8	58.8	24.1	8.3	2.4	0.9	0.3	0.1	0.0
accttg	accttg|caaggt	0.0	0.1	0.5	1.4	4.1	14.0	39.8	95.2	192.9	293.7	286.6	179.1	86.5	35.4	12.2	3.6	1.3	0.4	0.1	0.0
gatgac	gatgac|gtcatc	0.0	0.1	0.4	1.1	3.1	10.7	30.3	72.6	147.1	224.0	218.6	136.6	66.0	27.0	9.3	2.7	1.0	0.3	0.1	0.0
gtcaac	gtcaac|gttgac	0.0	0.1	0.3	0.8	2.3	8.0	22.6	54.1	109.7	167.0	163.0	101.8	49.2	20.1	6.9	2.0	0.7	0.2	0.1	0.0
atgaca	atgaca|tgtcat	0.0	0.1	0.5	1.5	4.4	14.9	42.4	101.4	205.4	312.8	305.3	190.7	92.1	37.7	13.0	3.8	1.3	0.4	0.1	0.0
atttaa	atttaa|ttaaat	0.0	0.2	0.5	1.6	4.8	16.3	46.4	111.0	224.9	342.5	334.2	208.8	100.8	41.3	14.2	4.2	1.5	0.5	0.1	0.0
aattta	aattta|taaatt	0.0	0.1	0.4	1.2	3.4	11.5	32.7	78.3	158.5	241.4	235.6	147.2	71.1	29.1	10.0	2.9	1.0	0.3	0.1	0.0
aagaaa	aagaaa|tttctt	0.0	0.2	0.8	2.4	6.9	23.6	67.1	160.6	325.3	495.4	483.4	302.0	145.9	59.7	20.6	6.0	2.1	0.7	0.2	0.0
aaatta	aaatta|taattt	0.0	0.1	0.4	1.3	3.9	13.2	37.5	89.6	181.6	276.5	269.9	168.6	81.4	33.3	11.5	3.4	1.2	0.4	0.1	0.0
aataat	aataat|attatt	0.0	0.1	0.4	1.3	3.8	13.1	37.2	88.9	180.2	274.4	267.8	167.3	80.8	33.1	11.4	3.3	1.2	0.4	0.1	0.0
ctgaca	ctgaca|tgtcag	0.0	0.2	0.5	1.5	4.5	15.2	43.2	103.5	209.6	319.2	311.5	194.6	94.0	38.5	13.3	3.9	1.4	0.4	0.1	0.0
aaattt	aaattt|aaattt	0.0	0.1	0.2	0.7	2.1	7.1	20.3	48.5	98.2	149.6	146.0	91.2	44.0	18.0	6.2	1.8	0.6	0.2	0.1	0.0
cagggc	cagggc|gccctg	0.0	0.2	0.8	2.5	7.4	25.3	71.7	171.6	347.7	529.5	516.7	322.9	155.9	63.8	22.0	6.4	2.3	0.7	0.2	0.0
agaata	agaata|tattct	0.0	0.1	0.3	0.9	2.7	9.1	25.8	61.8	125.3	190.8	186.2	116.3	56.2	23.0	7.9	2.3	0.8	0.3	0.1	0.0
taataa	taataa|ttatta	0.0	0.1	0.4	1.1	3.1	10.5	29.8	71.3	144.5	220.0	214.7	134.1	64.8	26.5	9.2	2.7	0.9	0.3	0.1	0.0
ctgccc	ctgccc|gggcag	0.0	0.3	0.9	2.6	7.5	25.6	72.6	173.6	351.7	535.6	522.7	326.6	157.7	64.5	22.3	6.5	2.3	0.7	0.2	0.0
atttta	atttta|taaaat	0.0	0.2	0.6	1.8	5.3	18.1	51.3	122.8	248.7	378.8	369.6	230.9	111.5	45.6	15.8	4.6	1.6	0.5	0.2	0.0
gtcaaa	gtcaaa|tttgac	0.0	0.1	0.4	1.2	3.4	11.6	33.0	79.0	160.1	243.8	237.9	148.6	71.8	29.4	10.1	3.0	1.0	0.3	0.1	0.0
accctg	accctg|cagggt	0.0	0.2	0.5	1.6	4.5	15.4	43.8	104.7	212.2	323.2	315.4	197.0	95.2	38.9	13.4	3.9	1.4	0.4	0.1	0.0
tgacca	tgacca|tggtca	0.0	0.1	0.4	1.2	3.6	12.1	34.4	82.2	166.6	253.7	247.6	154.7	74.7	30.6	10.6	3.1	1.1	0.3	0.1	0.0
aattaa	aattaa|ttaatt	0.0	0.1	0.4	1.2	3.4	11.5	32.5	77.9	157.8	240.3	234.5	146.5	70.7	28.9	10.0	2.9	1.0	0.3	0.1	0.0
atataa	atataa|ttatat	0.0	0.1	0.3	0.9	2.6	8.9	25.4	60.7	123.0	187.3	182.7	114.2	55.1	22.6	7.8	2.3	0.8	0.3	0.1	0.0
gctgac	gctgac|gtcagc	0.0	0.1	0.4	1.2	3.4	11.5	32.7	78.2	158.4	241.2	235.4	147.1	71.0	29.1	10.0	2.9	1.0	0.3	0.1	0.0
tagaaa	tagaaa|tttcta	0.0	0.1	0.4	1.3	3.8	13.0	37.0	88.6	179.4	273.2	266.6	166.6	80.5	32.9	11.4	3.3	1.2	0.4	0.1	0.0
aatgtc	aatgtc|gacatt	0.0	0.1	0.5	1.4	4.1	13.9	39.5	94.4	191.3	291.4	284.3	177.7	85.8	35.1	12.1	3.5	1.3	0.4	0.1	0.0
atattc	atattc|gaatat	0.0	0.1	0.2	0.7	2.0	6.7	18.9	45.2	91.6	139.4	136.1	85.0	41.1	16.8	5.8	1.7	0.6	0.2	0.1	0.0
tgaaaa	tgaaaa|ttttca	0.0	0.2	0.6	1.8	5.2	17.7	50.2	120.1	243.3	370.5	361.6	225.9	109.1	44.6	15.4	4.5	1.6	0.5	0.2	0.0
tgtcaa	tgtcaa|ttgaca	0.0	0.1	0.4	1.3	3.8	12.9	36.6	87.6	177.4	270.2	263.7	164.7	79.6	32.6	11.2	3.3	1.2	0.4	0.1	0.0
gaccta	gaccta|taggtc	0.0	0.1	0.2	0.6	1.8	6.2	17.7	42.4	85.8	130.7	127.6	79.7	38.5	15.8	5.4	1.6	0.6	0.2	0.1	0.0
gtcata	gtcata|tatgac	0.0	0.1	0.3	0.8	2.2	7.7	21.7	52.0	105.3	160.4	156.5	97.8	47.2	19.3	6.7	2.0	0.7	0.2	0.1	0.0
agaaat	agaaat|atttct	0.0	0.2	0.6	1.7	5.0	17.0	48.3	115.6	234.2	356.6	348.0	217.4	105.0	43.0	14.8	4.3	1.5	0.5	0.2	0.0
ataaaa	ataaaa|ttttat	0.0	0.2	0.7	2.0	5.8	19.9	56.4	135.1	273.6	416.7	406.6	254.1	122.7	50.2	17.3	5.1	1.8	0.6	0.2	0.0
agtgac	agtgac|gtcact	0.0	0.1	0.5	1.4	4.2	14.4	40.8	97.6	197.7	301.0	293.8	183.5	88.6	36.3	12.5	3.7	1.3	0.4	0.1	0.0
gtgaca	gtgaca|tgtcac	0.0	0.1	0.5	1.5	4.3	14.5	41.1	98.4	199.4	303.6	296.3	185.1	89.4	36.6	12.6	3.7	1.3	0.4	0.1	0.0
ttagaa	ttagaa|ttctaa	0.0	0.1	0.4	1.1	3.1	10.6	30.0	71.7	145.2	221.2	215.8	134.9	65.1	26.6	9.2	2.7	1.0	0.3	0.1	0.0
aggtcg	aggtcg|cgacct	0.0	0.0	0.1	0.3	1.0	3.3	9.3	22.1	44.9	68.3	66.7	41.6	20.1	8.2	2.8	0.8	0.3	0.1	0.0	0.0
aggtta	aggtta|taacct	0.0	0.1	0.3	1.0	2.8	9.6	27.3	65.3	132.2	201.4	196.5	122.8	59.3	24.3	8.4	2.4	0.9	0.3	0.1	0.0
acctgg	acctgg|ccaggt	0.0	0.2	0.6	1.7	4.9	16.6	47.0	112.5	227.8	347.0	338.6	211.6	102.2	41.8	14.4	4.2	1.5	0.5	0.2	0.0
catgtc	catgtc|gacatg	0.0	0.1	0.4	1.1	3.1	10.6	30.1	72.0	145.9	222.1	216.8	135.4	65.4	26.8	9.2	2.7	1.0	0.3	0.1	0.0
atgaaa	atgaaa|tttcat	0.0	0.1	0.5	1.5	4.5	15.2	43.0	103.0	208.7	317.8	310.1	193.7	93.6	38.3	13.2	3.9	1.4	0.4	0.1	0.0
gactca	gactca|tgagtc	0.0	0.1	0.5	1.4	4.1	13.9	39.5	94.5	191.5	291.6	284.6	177.8	85.9	35.1	12.1	3.5	1.3	0.4	0.1	0.0
gcaaac	gcaaac|gtttgc	0.0	0.1	0.5	1.4	4.0	13.7	38.8	92.8	187.9	286.2	279.3	174.5	84.3	34.5	11.9	3.5	1.2	0.4	0.1	0.0
aagaat	aagaat|attctt	0.0	0.1	0.5	1.4	4.0	13.6	38.5	92.1	186.5	284.1	277.2	173.2	83.6	34.2	11.8	3.5	1.2	0.4	0.1	0.0
attttc	attttc|gaaaat	0.0	0.2	0.5	1.6	4.5	15.4	43.8	104.9	212.5	323.7	315.8	197.3	95.3	39.0	13.5	3.9	1.4	0.4	0.1	0.0
cccctc	cccctc|gagggg	0.0	0.1	0.4	1.2	3.5	12.0	34.0	81.2	164.6	250.6	244.6	152.8	73.8	30.2	10.4	3.0	1.1	0.3	0.1	0.0
aaaatg	aaaatg|catttt	0.0	0.2	0.7	2.0	5.8	19.9	56.5	135.3	274.1	417.4	407.3	254.5	122.9	50.3	17.4	5.1	1.8	0.6	0.2	0.0
ccaagg	ccaagg|ccttgg	0.0	0.2	0.5	1.5	4.5	15.2	43.1	103.2	209.1	318.5	310.8	194.2	93.8	38.4	13.2	3.9	1.4	0.4	0.1	0.0
aaagta	aaagta|tacttt	0.0	0.1	0.4	1.1	3.3	11.3	32.0	76.7	155.3	236.5	230.8	144.2	69.6	28.5	9.8	2.9	1.0	0.3	0.1	0.0
gtcaga	gtcaga|tctgac	0.0	0.1	0.4	1.3	3.8	13.0	36.9	88.3	179.0	272.5	266.0	166.2	80.2	32.8	11.3	3.3	1.2	0.4	0.1	0.0
ggggca	ggggca|tgcccc	0.0	0.1	0.5	1.5	4.4	14.9	42.4	101.4	205.4	312.8	305.3	190.7	92.1	37.7	13.0	3.8	1.3	0.4	0.1	0.0
acctga	acctga|tcaggt	0.0	0.1	0.4	1.2	3.6	12.1	34.4	82.4	166.9	254.2	248.0	155.0	74.8	30.6	10.6	3.1	1.1	0.3	0.1	0.0
aacctg	aacctg|caggtt	0.0	0.1	0.4	1.4	3.9	13.4	38.1	91.2	184.7	281.3	274.5	171.5	82.8	33.9	11.7	3.4	1.2	0.4	0.1	0.0
acaggt	acaggt|acctgt	0.0	0.1	0.4	1.3	3.9	13.2	37.4	89.4	181.1	275.8	269.2	168.2	81.2	33.2	11.5	3.4	1.2	0.4	0.1	0.0
ccctga	ccctga|tcaggg	0.0	0.2	0.6	1.7	5.0	17.0	48.2	115.4	233.7	355.9	347.3	217.0	104.8	42.9	14.8	4.3	1.5	0.5	0.2	0.0
tataaa	tataaa|tttata	0.0	0.1	0.4	1.2	3.5	12.1	34.3	82.0	166.1	253.0	246.9	154.2	74.5	30.5	10.5	3.1	1.1	0.3	0.1	0.0
agtcaa	agtcaa|ttgact	0.0	0.1	0.4	1.1	3.3	11.3	32.1	76.9	155.8	237.2	231.5	144.6	69.8	28.6	9.9	2.9	1.0	0.3	0.1	0.0
gaggaa	gaggaa|ttcctc	0.0	0.2	0.5	1.5	4.5	15.3	43.5	104.0	210.7	320.8	313.1	195.6	94.5	38.7	13.3	3.9	1.4	0.4	0.1	0.0
attaaa	attaaa|tttaat	0.0	0.1	0.5	1.4	4.1	14.0	39.9	95.4	193.2	294.2	287.1	179.4	86.6	35.4	12.2	3.6	1.3	0.4	0.1	0.0
caaaaa	caaaaa|tttttg	0.0	0.2	0.5	1.6	4.7	15.9	45.1	107.9	218.6	332.8	324.8	202.9	98.0	40.1	13.8	4.0	1.4	0.5	0.1	0.0
aattat	aattat|ataatt	0.0	0.1	0.3	1.1	3.1	10.5	29.7	71.1	144.0	219.3	214.0	133.7	64.6	26.4	9.1	2.7	0.9	0.3	0.1	0.0
ggaaaa	ggaaaa|ttttcc	0.0	0.2	0.6	1.9	5.5	18.7	53.1	127.0	257.2	391.7	382.3	238.8	115.3	47.2	16.3	4.8	1.7	0.5	0.2	0.0
agtccc	agtccc|gggact	0.0	0.1	0.3	0.8	2.2	7.6	21.7	51.9	105.2	160.2	156.3	97.7	47.2	19.3	6.7	1.9	0.7	0.2	0.1	0.0
ttgaaa	ttgaaa|tttcaa	0.0	0.1	0.5	1.4	4.1	13.9	39.5	94.4	191.3	291.4	284.3	177.7	85.8	35.1	12.1	3.5	1.3	0.4	0.1	0.0
gggaga	gggaga|tctccc	0.0	0.1	0.5	1.5	4.4	14.9	42.3	101.2	204.9	312.1	304.6	190.3	91.9	37.6	13.0	3.8	1.3	0.4	0.1	0.0
gccccc	gccccc|gggggc	0.0	0.1	0.3	0.9	2.7	9.1	25.9	61.9	125.4	191.0	186.4	116.5	56.2	23.0	7.9	2.3	0.8	0.3	0.1	0.0
taaaca	taaaca|tgttta	0.0	0.2	0.7	2.2	6.4	21.7	61.5	147.2	298.2	454.1	443.2	276.9	133.7	54.7	18.9	5.5	2.0	0.6	0.2	0.0
aaaaac	aaaaac|gttttt	0.0	0.2	0.5	1.5	4.5	15.2	43.3	103.5	209.7	319.4	311.7	194.7	94.0	38.5	13.3	3.9	1.4	0.4	0.1	0.0
caaata	caaata|tatttg	0.0	0.2	0.7	2.2	6.3	21.4	60.8	145.5	294.8	449.0	438.1	273.7	132.2	54.1	18.7	5.5	1.9	0.6	0.2	0.0
