; classfreq  -v 1 -ci 20 -o $RSAT/public_html/tmp/apache/2014/10/08/peak-motifs.2014-10-08.083939_2014-10-08.083939_hIGyA6/results/discovered_motifs/oligos_7nt_mkv5_m3/peak-motifs_oligos_7nt_mkv5_m3_site_distrib.tab
;	min                 	minimum of class interval (inclusive)
;	max                 	maximum of class interval (exclusive)
;	center              	center of class interval
;	n                   	occurrences
;	n_cum               	cumulative occurrences (inclusive)
;	n_dcum              	decreasing cumulative occurrences (inclusive)
;	f                   	frequencies
;	f_cum               	cumulative frequencies (inclusive)
;	f_dcum              	decreasing cumulative frequencies (inclusive)
#[min	max[	center	n	n_cum	n_dcum	f	f_cum	f_dcum
-300	-280	-290	2	2	778	0.00257	0.00257	1.00000
-280	-260	-270	1	3	776	0.00129	0.00386	0.99743
-260	-240	-250	1	4	775	0.00129	0.00514	0.99614
-240	-220	-230	0	4	774	0.00000	0.00514	0.99486
-220	-200	-210	1	5	774	0.00129	0.00643	0.99486
-200	-180	-190	5	10	773	0.00643	0.01285	0.99357
-180	-160	-170	8	18	768	0.01028	0.02314	0.98715
-160	-140	-150	20	38	760	0.02571	0.04884	0.97686
-140	-120	-130	14	52	740	0.01799	0.06684	0.95116
-120	-100	-110	24	76	726	0.03085	0.09769	0.93316
-100	-80	-90	31	107	702	0.03985	0.13753	0.90231
-80	-60	-70	50	157	671	0.06427	0.20180	0.86247
-60	-40	-50	59	216	621	0.07584	0.27763	0.79820
-40	-20	-30	79	295	562	0.10154	0.37918	0.72237
-20	0	-10	69	364	483	0.08869	0.46787	0.62082
0	20	10	84	448	414	0.10797	0.57584	0.53213
20	40	30	76	524	330	0.09769	0.67352	0.42416
40	60	50	59	583	254	0.07584	0.74936	0.32648
60	80	70	44	627	195	0.05656	0.80591	0.25064
80	100	90	40	667	151	0.05141	0.85733	0.19409
100	120	110	33	700	111	0.04242	0.89974	0.14267
120	140	130	20	720	78	0.02571	0.92545	0.10026
140	160	150	16	736	58	0.02057	0.94602	0.07455
160	180	170	18	754	42	0.02314	0.96915	0.05398
180	200	190	13	767	24	0.01671	0.98586	0.03085
200	220	210	3	770	11	0.00386	0.98972	0.01414
220	240	230	6	776	8	0.00771	0.99743	0.01028
240	260	250	1	777	2	0.00129	0.99871	0.00257
260	280	270	0	777	1	0.00000	0.99871	0.00129
280	300	290	1	778	1	0.00129	1.00000	0.00129
; Statistics:
; -----------
; class interval     	20
; classes            	30
; count              	778
; sum                	5570
; mean               	7.15938
; median class       	[-20..0[
; var                	7.49e+03
; std                	86.5454
; min                	-298
; max                	295
; range              	593
; Host name	biow
; Job started	2014-10-08.084652
; Job done	2014-10-08.084652
; Seconds	0.22
;	user	0.22
;	system	0.02
;	cuser	0
;	csystem	0
