; classfreq  -v 1 -ci 20 -o $RSAT/public_html/tmp/apache/2014/10/08/peak-motifs.2014-10-08.083939_2014-10-08.083939_hIGyA6/results/discovered_motifs/oligos_6nt_mkv4_m2/peak-motifs_oligos_6nt_mkv4_m2_site_distrib.tab
;	min                 	minimum of class interval (inclusive)
;	max                 	maximum of class interval (exclusive)
;	center              	center of class interval
;	n                   	occurrences
;	n_cum               	cumulative occurrences (inclusive)
;	n_dcum              	decreasing cumulative occurrences (inclusive)
;	f                   	frequencies
;	f_cum               	cumulative frequencies (inclusive)
;	f_dcum              	decreasing cumulative frequencies (inclusive)
#[min	max[	center	n	n_cum	n_dcum	f	f_cum	f_dcum
-340	-320	-330	1	1	698	0.00143	0.00143	1.00000
-320	-300	-310	0	1	697	0.00000	0.00143	0.99857
-300	-280	-290	0	1	697	0.00000	0.00143	0.99857
-280	-260	-270	2	3	697	0.00287	0.00430	0.99857
-260	-240	-250	2	5	695	0.00287	0.00716	0.99570
-240	-220	-230	5	10	693	0.00716	0.01433	0.99284
-220	-200	-210	2	12	688	0.00287	0.01719	0.98567
-200	-180	-190	9	21	686	0.01289	0.03009	0.98281
-180	-160	-170	12	33	677	0.01719	0.04728	0.96991
-160	-140	-150	8	41	665	0.01146	0.05874	0.95272
-140	-120	-130	17	58	657	0.02436	0.08309	0.94126
-120	-100	-110	24	82	640	0.03438	0.11748	0.91691
-100	-80	-90	34	116	616	0.04871	0.16619	0.88252
-80	-60	-70	48	164	582	0.06877	0.23496	0.83381
-60	-40	-50	60	224	534	0.08596	0.32092	0.76504
-40	-20	-30	62	286	474	0.08883	0.40974	0.67908
-20	0	-10	82	368	412	0.11748	0.52722	0.59026
0	20	10	74	442	330	0.10602	0.63324	0.47278
20	40	30	48	490	256	0.06877	0.70201	0.36676
40	60	50	60	550	208	0.08596	0.78797	0.29799
60	80	70	35	585	148	0.05014	0.83811	0.21203
80	100	90	32	617	113	0.04585	0.88395	0.16189
100	120	110	22	639	81	0.03152	0.91547	0.11605
120	140	130	18	657	59	0.02579	0.94126	0.08453
140	160	150	10	667	41	0.01433	0.95559	0.05874
160	180	170	11	678	31	0.01576	0.97135	0.04441
180	200	190	8	686	20	0.01146	0.98281	0.02865
200	220	210	8	694	12	0.01146	0.99427	0.01719
220	240	230	4	698	4	0.00573	1.00000	0.00573
; Statistics:
; -----------
; class interval     	20
; classes            	29
; count              	698
; sum                	-2151
; mean               	-3.08166
; median class       	[-40..-20[
; var                	7.83e+03
; std                	88.5068
; min                	-324.5
; max                	239.5
; range              	564
; Host name	biow
; Job started	2014-10-08.084552
; Job done	2014-10-08.084552
; Seconds	0.23
;	user	0.23
;	system	0.01
;	cuser	0
;	csystem	0
