; position-analysis -v 1 -i $RSAT/public_html/tmp/apache/2014/10/07/peak-motifs.2014-10-07.093009_2014-10-07.093009_rKpHEN/data/sequences/peak-motifs_test_purged_ml30_mis0.fasta -format fasta -sort -return html,chi,sig,distrib,exp_occ,graphs,rank,index -max_graphs 100 -2str -noov -seqtype dna -l 7 -ci 50 -lth_occ 1 -lth_sig 0 -uth_rank 100 -img_format png -title siGATA_ER_E2_r3 -origin center -max_graphs 20 -o $RSAT/public_html/tmp/apache/2014/10/07/peak-motifs.2014-10-07.093009_2014-10-07.093009_rKpHEN/results/positions_7nt/peak-motifs_positions-2str-noov_7nt_ci50.tab
; Profiles of expected occurrences
; Position intervals:
;	window	[min,max]	mid	seq	occ
;	1	-10	[-499,-450]	-474.5	2	26
;	2	-9	[-449,-400]	-424.5	4	160
;	3	-8	[-399,-350]	-374.5	17	541
;	4	-7	[-349,-300]	-324.5	47	1634
;	5	-6	[-299,-250]	-274.5	151	4755
;	6	-5	[-249,-200]	-224.5	500	16199
;	7	-4	[-199,-150]	-174.5	1362	45997
;	8	-3	[-149,-100]	-124.5	3060	110050
;	9	-2	[-99,-50]	-74.5	5716	222958
;	10	-1	[-49,0]	-24.5	7041	339537
;	11	0	[1,50]	25.5	7041	329712
;	12	1	[51,100]	75.5	5412	204422
;	13	2	[101,150]	125.5	2816	98404
;	14	3	[151,200]	175.5	1245	40113
;	15	4	[201,250]	225.5	450	13810
;	16	5	[251,300]	275.5	137	4035
;	17	6	[301,350]	325.5	42	1433
;	18	7	[351,400]	375.5	16	455
;	19	8	[401,450]	425.5	4	145
;	20	9	[451,500]	475.5	1	14
;
; column headers
;	1	seq            	pattern sequence
;	2	id             	pattern identifier
;	3	-474.5         	expected occurrences	in window	1	[-499,-450]
;	4	-424.5         	expected occurrences	in window	2	[-449,-400]
;	5	-374.5         	expected occurrences	in window	3	[-399,-350]
;	6	-324.5         	expected occurrences	in window	4	[-349,-300]
;	7	-274.5         	expected occurrences	in window	5	[-299,-250]
;	8	-224.5         	expected occurrences	in window	6	[-249,-200]
;	9	-174.5         	expected occurrences	in window	7	[-199,-150]
;	10	-124.5         	expected occurrences	in window	8	[-149,-100]
;	11	-74.5          	expected occurrences	in window	9	[-99,-50]
;	12	-24.5          	expected occurrences	in window	10	[-49,0]
;	13	25.5           	expected occurrences	in window	11	[1,50]
;	14	75.5           	expected occurrences	in window	12	[51,100]
;	15	125.5          	expected occurrences	in window	13	[101,150]
;	16	175.5          	expected occurrences	in window	14	[151,200]
;	17	225.5          	expected occurrences	in window	15	[201,250]
;	18	275.5          	expected occurrences	in window	16	[251,300]
;	19	325.5          	expected occurrences	in window	17	[301,350]
;	20	375.5          	expected occurrences	in window	18	[351,400]
;	21	425.5          	expected occurrences	in window	19	[401,450]
;	22	475.5          	expected occurrences	in window	20	[451,500]
#seq	id	-474.5	-424.5	-374.5	-324.5	-274.5	-224.5	-174.5	-124.5	-74.5	-24.5	25.5	75.5	125.5	175.5	225.5	275.5	325.5	375.5	425.5	475.5
caggtca	caggtca|tgacctg	0.0	0.1	0.3	0.9	2.7	9.1	25.7	61.6	124.8	190.1	184.6	114.4	55.1	22.5	7.7	2.3	0.8	0.3	0.1	0.0
aggtcac	aggtcac|gtgacct	0.0	0.1	0.3	0.8	2.4	8.2	23.2	55.5	112.5	171.4	166.4	103.2	49.7	20.2	7.0	2.0	0.7	0.2	0.1	0.0
aaggtca	aaggtca|tgacctt	0.0	0.1	0.3	1.0	2.8	9.6	27.3	65.3	132.3	201.4	195.6	121.3	58.4	23.8	8.2	2.4	0.9	0.3	0.1	0.0
aggtcat	aggtcat|atgacct	0.0	0.1	0.2	0.7	1.9	6.5	18.5	44.3	89.7	136.6	132.6	82.2	39.6	16.1	5.6	1.6	0.6	0.2	0.1	0.0
aggtcag	aggtcag|ctgacct	0.0	0.1	0.3	0.9	2.6	9.0	25.4	60.8	123.3	187.7	182.3	113.0	54.4	22.2	7.6	2.2	0.8	0.3	0.1	0.0
aggtcaa	aggtcaa|ttgacct	0.0	0.1	0.2	0.6	1.8	6.2	17.6	42.2	85.5	130.2	126.4	78.4	37.7	15.4	5.3	1.5	0.5	0.2	0.1	0.0
catgacc	catgacc|ggtcatg	0.0	0.0	0.1	0.4	1.2	4.2	11.8	28.3	57.4	87.3	84.8	52.6	25.3	10.3	3.6	1.0	0.4	0.1	0.0	0.0
gaggtca	gaggtca|tgacctc	0.0	0.1	0.2	0.7	2.1	7.1	20.2	48.3	97.9	149.1	144.8	89.8	43.2	17.6	6.1	1.8	0.6	0.2	0.1	0.0
aaaaaaa	aaaaaaa|ttttttt	0.0	0.1	0.3	0.9	2.5	8.6	24.5	58.7	118.9	181.1	175.8	109.0	52.5	21.4	7.4	2.2	0.8	0.2	0.1	0.0
ggtcacc	ggtcacc|ggtgacc	0.0	0.0	0.1	0.4	1.3	4.4	12.6	30.1	60.9	92.8	90.1	55.9	26.9	11.0	3.8	1.1	0.4	0.1	0.0	0.0
aaaaaat	aaaaaat|atttttt	0.0	0.1	0.2	0.7	2.0	6.7	19.0	45.6	92.3	140.6	136.5	84.7	40.8	16.6	5.7	1.7	0.6	0.2	0.1	0.0
caaggtc	caaggtc|gaccttg	0.0	0.1	0.2	0.5	1.6	5.4	15.3	36.7	74.3	113.1	109.9	68.1	32.8	13.4	4.6	1.3	0.5	0.2	0.0	0.0
ggtcaca	ggtcaca|tgtgacc	0.0	0.1	0.2	0.6	1.8	6.0	16.9	40.5	82.1	125.0	121.4	75.2	36.2	14.8	5.1	1.5	0.5	0.2	0.1	0.0
tttaaaa	tttaaaa|ttttaaa	0.0	0.1	0.3	0.9	2.6	9.0	25.6	61.3	124.2	189.1	183.7	113.9	54.8	22.3	7.7	2.2	0.8	0.3	0.1	0.0
aaaagaa	aaaagaa|ttctttt	0.0	0.1	0.3	0.8	2.3	7.9	22.4	53.5	108.3	165.0	160.2	99.3	47.8	19.5	6.7	2.0	0.7	0.2	0.1	0.0
aatgtca	aatgtca|tgacatt	0.0	0.1	0.3	0.8	2.4	8.0	22.8	54.6	110.7	168.5	163.7	101.5	48.8	19.9	6.9	2.0	0.7	0.2	0.1	0.0
aaaattt	aaaattt|aaatttt	0.0	0.0	0.1	0.4	1.3	4.3	12.3	29.5	59.7	90.9	88.3	54.7	26.3	10.7	3.7	1.1	0.4	0.1	0.0	0.0
cagggca	cagggca|tgccctg	0.0	0.1	0.3	0.9	2.7	9.2	26.1	62.5	126.7	192.9	187.3	116.1	55.9	22.8	7.8	2.3	0.8	0.3	0.1	0.0
taggtca	taggtca|tgaccta	0.0	0.0	0.1	0.4	1.1	3.9	11.1	26.5	53.6	81.7	79.3	49.2	23.7	9.6	3.3	1.0	0.3	0.1	0.0	0.0
ttaaaaa	ttaaaaa|tttttaa	0.0	0.1	0.3	0.8	2.3	7.9	22.4	53.7	108.8	165.7	160.9	99.8	48.0	19.6	6.7	2.0	0.7	0.2	0.1	0.0
aaaaatt	aaaaatt|aattttt	0.0	0.1	0.2	0.5	1.5	5.1	14.5	34.8	70.4	107.2	104.1	64.6	31.1	12.7	4.4	1.3	0.5	0.1	0.0	0.0
gaaaaaa	gaaaaaa|ttttttc	0.0	0.1	0.2	0.6	1.9	6.4	18.1	43.3	87.8	133.7	129.9	80.5	38.8	15.8	5.4	1.6	0.6	0.2	0.1	0.0
tgactca	tgactca|tgagtca	0.0	0.1	0.3	0.9	2.6	8.9	25.4	60.8	123.1	187.5	182.0	112.9	54.3	22.1	7.6	2.2	0.8	0.3	0.1	0.0
tgacaca	tgacaca|tgtgtca	0.0	0.1	0.2	0.5	1.6	5.3	15.1	36.1	73.2	111.5	108.3	67.1	32.3	13.2	4.5	1.3	0.5	0.1	0.0	0.0
tgaccca	tgaccca|tgggtca	0.0	0.1	0.2	0.6	1.6	5.5	15.6	37.3	75.5	115.0	111.7	69.3	33.3	13.6	4.7	1.4	0.5	0.2	0.0	0.0
aaaaaga	aaaaaga|tcttttt	0.0	0.1	0.2	0.7	1.9	6.5	18.5	44.3	89.7	136.6	132.6	82.2	39.6	16.1	5.6	1.6	0.6	0.2	0.1	0.0
attttta	attttta|taaaaat	0.0	0.1	0.2	0.6	1.8	6.2	17.7	42.4	85.8	130.7	126.9	78.7	37.9	15.4	5.3	1.6	0.6	0.2	0.1	0.0
ccaggtc	ccaggtc|gacctgg	0.0	0.1	0.2	0.5	1.6	5.3	15.1	36.2	73.4	111.7	108.5	67.3	32.4	13.2	4.5	1.3	0.5	0.1	0.0	0.0
atttaaa	atttaaa|tttaaat	0.0	0.1	0.2	0.6	1.9	6.4	18.1	43.4	88.0	134.0	130.1	80.7	38.8	15.8	5.4	1.6	0.6	0.2	0.1	0.0
atgtcag	atgtcag|ctgacat	0.0	0.0	0.2	0.5	1.4	4.9	13.9	33.3	67.5	102.7	99.8	61.9	29.8	12.1	4.2	1.2	0.4	0.1	0.0	0.0
aaaaaag	aaaaaag|ctttttt	0.0	0.1	0.2	0.6	1.8	6.2	17.7	42.4	85.8	130.7	126.9	78.7	37.9	15.4	5.3	1.6	0.6	0.2	0.1	0.0
cctgacc	cctgacc|ggtcagg	0.0	0.1	0.2	0.7	1.9	6.6	18.8	45.0	91.2	138.9	134.9	83.7	40.3	16.4	5.7	1.7	0.6	0.2	0.1	0.0
catgtca	catgtca|tgacatg	0.0	0.0	0.2	0.5	1.4	4.6	13.1	31.4	63.6	96.8	94.0	58.3	28.1	11.4	3.9	1.2	0.4	0.1	0.0	0.0
agggcag	agggcag|ctgccct	0.0	0.1	0.3	1.0	3.0	10.3	29.3	70.2	142.2	216.6	210.3	130.4	62.8	25.6	8.8	2.6	0.9	0.3	0.1	0.0
gcaaaca	gcaaaca|tgtttgc	0.0	0.1	0.3	0.9	2.5	8.4	24.0	57.4	116.3	177.1	171.9	106.6	51.3	20.9	7.2	2.1	0.7	0.2	0.1	0.0
aaattta	aaattta|taaattt	0.0	0.0	0.1	0.4	1.1	3.8	10.9	26.1	52.8	80.5	78.2	48.5	23.3	9.5	3.3	1.0	0.3	0.1	0.0	0.0
gatgacc	gatgacc|ggtcatc	0.0	0.0	0.1	0.3	0.9	3.2	9.0	21.6	43.8	66.8	64.8	40.2	19.3	7.9	2.7	0.8	0.3	0.1	0.0	0.0
agtgacc	agtgacc|ggtcact	0.0	0.0	0.2	0.5	1.4	4.8	13.8	32.9	66.7	101.5	98.6	61.1	29.4	12.0	4.1	1.2	0.4	0.1	0.0	0.0
gtgacac	gtgacac|gtgtcac	0.0	0.0	0.1	0.4	1.0	3.5	9.9	23.6	47.9	72.9	70.8	43.9	21.1	8.6	3.0	0.9	0.3	0.1	0.0	0.0
cttgacc	cttgacc|ggtcaag	0.0	0.0	0.1	0.4	1.3	4.4	12.4	29.6	60.0	91.4	88.7	55.0	26.5	10.8	3.7	1.1	0.4	0.1	0.0	0.0
gacctga	gacctga|tcaggtc	0.0	0.0	0.1	0.4	1.1	3.7	10.6	25.3	51.3	78.1	75.9	47.0	22.6	9.2	3.2	0.9	0.3	0.1	0.0	0.0
agggtca	agggtca|tgaccct	0.0	0.0	0.2	0.5	1.5	5.0	14.1	33.8	68.5	104.4	101.4	62.8	30.3	12.3	4.2	1.2	0.4	0.1	0.0	0.0
aaattaa	aaattaa|ttaattt	0.0	0.0	0.2	0.5	1.4	4.6	13.2	31.5	63.9	97.3	94.5	58.6	28.2	11.5	4.0	1.2	0.4	0.1	0.0	0.0
aaaataa	aaaataa|ttatttt	0.0	0.1	0.3	0.8	2.3	8.0	22.7	54.3	110.0	167.6	162.7	100.9	48.6	19.8	6.8	2.0	0.7	0.2	0.1	0.0
agaaaaa	agaaaaa|tttttct	0.0	0.1	0.3	0.9	2.6	9.0	25.6	61.1	123.9	188.7	183.2	113.6	54.7	22.3	7.7	2.2	0.8	0.3	0.1	0.0
aatttaa	aatttaa|ttaaatt	0.0	0.0	0.1	0.4	1.1	3.9	11.0	26.3	53.3	81.2	78.8	48.9	23.5	9.6	3.3	1.0	0.3	0.1	0.0	0.0
ggtcaga	ggtcaga|tctgacc	0.0	0.0	0.2	0.5	1.4	4.9	13.9	33.3	67.5	102.7	99.8	61.9	29.8	12.1	4.2	1.2	0.4	0.1	0.0	0.0
aaagaaa	aaagaaa|tttcttt	0.0	0.1	0.3	1.0	2.8	9.5	26.8	64.2	130.1	198.1	192.4	119.3	57.4	23.4	8.1	2.4	0.8	0.3	0.1	0.0
aataata	aataata|tattatt	0.0	0.0	0.1	0.4	1.1	3.8	10.8	25.9	52.5	80.0	77.7	48.2	23.2	9.5	3.3	1.0	0.3	0.1	0.0	0.0
taaaaaa	taaaaaa|tttttta	0.0	0.1	0.2	0.6	1.7	5.8	16.4	39.3	79.6	121.2	117.7	73.0	35.1	14.3	4.9	1.4	0.5	0.2	0.1	0.0
gtaaaca	gtaaaca|tgtttac	0.0	0.1	0.2	0.7	1.9	6.6	18.7	44.8	90.8	138.2	134.2	83.2	40.1	16.3	5.6	1.6	0.6	0.2	0.1	0.0
ctcaaaa	ctcaaaa|ttttgag	0.0	0.0	0.1	0.4	1.1	3.6	10.3	24.7	50.1	76.2	74.0	45.9	22.1	9.0	3.1	0.9	0.3	0.1	0.0	0.0
ggtcaaa	ggtcaaa|tttgacc	0.0	0.0	0.1	0.4	1.1	3.9	11.0	26.2	53.2	81.0	78.6	48.7	23.5	9.6	3.3	1.0	0.3	0.1	0.0	0.0
gggtcac	gggtcac|gtgaccc	0.0	0.0	0.1	0.4	1.3	4.3	12.2	29.1	58.9	89.7	87.1	54.0	26.0	10.6	3.6	1.1	0.4	0.1	0.0	0.0
gacctca	gacctca|tgaggtc	0.0	0.0	0.1	0.4	1.2	4.3	12.1	28.9	58.6	89.2	86.7	53.7	25.9	10.5	3.6	1.1	0.4	0.1	0.0	0.0
ccctgac	ccctgac|gtcaggg	0.0	0.1	0.2	0.5	1.5	5.2	14.8	35.4	71.7	109.1	106.0	65.7	31.6	12.9	4.4	1.3	0.5	0.1	0.0	0.0
ctgtgac	ctgtgac|gtcacag	0.0	0.1	0.2	0.6	1.6	5.6	15.8	37.8	76.6	116.7	113.3	70.3	33.8	13.8	4.7	1.4	0.5	0.2	0.0	0.0
acaggtc	acaggtc|gacctgt	0.0	0.0	0.1	0.4	1.0	3.5	10.0	24.0	48.7	74.1	71.9	44.6	21.5	8.8	3.0	0.9	0.3	0.1	0.0	0.0
cctgccc	cctgccc|gggcagg	0.0	0.1	0.4	1.1	3.1	10.5	30.0	71.7	145.2	221.1	214.7	133.1	64.1	26.1	9.0	2.6	0.9	0.3	0.1	0.0
caaaaaa	caaaaaa|ttttttg	0.0	0.0	0.2	0.5	1.3	4.5	12.8	30.5	61.9	94.2	91.5	56.7	27.3	11.1	3.8	1.1	0.4	0.1	0.0	0.0
gtcatca	gtcatca|tgatgac	0.0	0.0	0.1	0.3	0.9	3.2	9.0	21.6	43.7	66.5	64.6	40.0	19.3	7.9	2.7	0.8	0.3	0.1	0.0	0.0
aaaaata	aaaaata|tattttt	0.0	0.1	0.2	0.8	2.2	7.5	21.2	50.7	102.7	156.5	151.9	94.2	45.3	18.5	6.4	1.9	0.7	0.2	0.1	0.0
gtcatga	gtcatga|tcatgac	0.0	0.0	0.1	0.3	0.9	3.1	8.7	20.8	42.1	64.1	62.3	38.6	18.6	7.6	2.6	0.8	0.3	0.1	0.0	0.0
ggaaaaa	ggaaaaa|tttttcc	0.0	0.1	0.2	0.6	1.6	5.5	15.6	37.4	75.7	115.3	111.9	69.4	33.4	13.6	4.7	1.4	0.5	0.2	0.0	0.0
agaatat	agaatat|atattct	0.0	0.0	0.1	0.2	0.7	2.5	7.0	16.6	33.7	51.4	49.9	30.9	14.9	6.1	2.1	0.6	0.2	0.1	0.0	0.0
ataataa	ataataa|ttattat	0.0	0.0	0.1	0.3	1.0	3.4	9.7	23.3	47.3	72.0	69.9	43.3	20.9	8.5	2.9	0.9	0.3	0.1	0.0	0.0
attttaa	attttaa|ttaaaat	0.0	0.1	0.2	0.6	1.7	5.9	16.7	39.9	80.8	123.1	119.5	74.1	35.7	14.5	5.0	1.5	0.5	0.2	0.1	0.0
aaaaatg	aaaaatg|cattttt	0.0	0.1	0.2	0.6	1.7	5.6	16.0	38.4	77.7	118.4	114.9	71.3	34.3	14.0	4.8	1.4	0.5	0.2	0.1	0.0
ggtcata	ggtcata|tatgacc	0.0	0.0	0.1	0.2	0.7	2.5	7.0	16.8	34.0	51.8	50.3	31.2	15.0	6.1	2.1	0.6	0.2	0.1	0.0	0.0
gcatgac	gcatgac|gtcatgc	0.0	0.0	0.1	0.3	0.7	2.5	7.1	16.9	34.2	52.1	50.6	31.4	15.1	6.2	2.1	0.6	0.2	0.1	0.0	0.0
aaaatat	aaaatat|atatttt	0.0	0.1	0.2	0.6	1.9	6.4	18.1	43.4	88.0	134.0	130.1	80.7	38.8	15.8	5.4	1.6	0.6	0.2	0.1	0.0
gcagggc	gcagggc|gccctgc	0.0	0.1	0.2	0.7	1.9	6.6	18.8	45.0	91.1	138.7	134.7	83.5	40.2	16.4	5.6	1.6	0.6	0.2	0.1	0.0
agccccc	agccccc|gggggct	0.0	0.0	0.1	0.2	0.6	2.2	6.3	15.0	30.3	46.2	44.8	27.8	13.4	5.5	1.9	0.5	0.2	0.1	0.0	0.0
attttca	attttca|tgaaaat	0.0	0.0	0.2	0.5	1.4	4.8	13.6	32.6	66.1	100.6	97.7	60.6	29.2	11.9	4.1	1.2	0.4	0.1	0.0	0.0
acctgac	acctgac|gtcaggt	0.0	0.0	0.1	0.3	0.9	3.0	8.6	20.6	41.7	63.4	61.6	38.2	18.4	7.5	2.6	0.8	0.3	0.1	0.0	0.0
gacctgc	gacctgc|gcaggtc	0.0	0.0	0.1	0.4	1.3	4.4	12.4	29.6	60.0	91.4	88.7	55.0	26.5	10.8	3.7	1.1	0.4	0.1	0.0	0.0
aatatgg	aatatgg|ccatatt	0.0	0.0	0.1	0.2	0.5	1.7	4.8	11.5	23.3	35.5	34.5	21.4	10.3	4.2	1.4	0.4	0.1	0.0	0.0	0.0
aagaata	aagaata|tattctt	0.0	0.0	0.1	0.3	0.9	3.2	8.9	21.4	43.4	66.0	64.1	39.8	19.1	7.8	2.7	0.8	0.3	0.1	0.0	0.0
gagaata	gagaata|tattctc	0.0	0.0	0.1	0.2	0.6	1.9	5.3	12.7	25.8	39.3	38.2	23.7	11.4	4.6	1.6	0.5	0.2	0.1	0.0	0.0
atgtcac	atgtcac|gtgacat	0.0	0.0	0.2	0.5	1.3	4.6	13.1	31.2	63.3	96.3	93.6	58.0	27.9	11.4	3.9	1.1	0.4	0.1	0.0	0.0
gacctta	gacctta|taaggtc	0.0	0.0	0.1	0.2	0.7	2.5	7.0	16.8	34.0	51.8	50.3	31.2	15.0	6.1	2.1	0.6	0.2	0.1	0.0	0.0
acatgac	acatgac|gtcatgt	0.0	0.0	0.1	0.3	1.0	3.3	9.3	22.2	44.9	68.4	66.4	41.2	19.8	8.1	2.8	0.8	0.3	0.1	0.0	0.0
caaaata	caaaata|tattttg	0.0	0.0	0.1	0.4	1.2	4.2	12.0	28.7	58.1	88.5	86.0	53.3	25.7	10.5	3.6	1.1	0.4	0.1	0.0	0.0
tataaaa	tataaaa|ttttata	0.0	0.0	0.1	0.4	1.1	3.8	10.9	26.1	52.8	80.5	78.2	48.5	23.3	9.5	3.3	1.0	0.3	0.1	0.0	0.0
aaaatta	aaaatta|taatttt	0.0	0.0	0.1	0.4	1.2	4.2	11.9	28.5	57.7	87.8	85.3	52.9	25.5	10.4	3.6	1.0	0.4	0.1	0.0	0.0
agaggtc	agaggtc|gacctct	0.0	0.0	0.1	0.4	1.0	3.6	10.1	24.2	49.0	74.6	72.4	44.9	21.6	8.8	3.0	0.9	0.3	0.1	0.0	0.0
aggtgac	aggtgac|gtcacct	0.0	0.0	0.1	0.4	1.2	4.1	11.7	28.1	56.9	86.6	84.1	52.2	25.1	10.2	3.5	1.0	0.4	0.1	0.0	0.0
attatta	attatta|taataat	0.0	0.0	0.1	0.3	0.9	3.1	8.9	21.3	43.2	65.8	63.9	39.6	19.1	7.8	2.7	0.8	0.3	0.1	0.0	0.0
cttaaaa	cttaaaa|ttttaag	0.0	0.0	0.1	0.4	1.1	3.9	11.1	26.5	53.6	81.7	79.3	49.2	23.7	9.6	3.3	1.0	0.3	0.1	0.0	0.0
ggacccc	ggacccc|ggggtcc	0.0	0.0	0.0	0.1	0.4	1.3	3.8	9.1	18.5	28.2	27.4	17.0	8.2	3.3	1.1	0.3	0.1	0.0	0.0	0.0
aatataa	aatataa|ttatatt	0.0	0.0	0.1	0.3	0.9	3.0	8.5	20.3	41.0	62.5	60.7	37.6	18.1	7.4	2.5	0.7	0.3	0.1	0.0	0.0
gtcacac	gtcacac|gtgtgac	0.0	0.0	0.1	0.3	1.0	3.4	9.6	23.0	46.6	71.0	69.0	42.8	20.6	8.4	2.9	0.8	0.3	0.1	0.0	0.0
gaggaaa	gaggaaa|tttcctc	0.0	0.1	0.2	0.5	1.5	5.1	14.5	34.6	70.1	106.8	103.7	64.3	30.9	12.6	4.3	1.3	0.5	0.1	0.0	0.0
aaaagta	aaaagta|tactttt	0.0	0.0	0.1	0.4	1.2	4.1	11.6	27.7	56.1	85.5	83.0	51.4	24.8	10.1	3.5	1.0	0.4	0.1	0.0	0.0
atgacat	atgacat|atgtcat	0.0	0.1	0.2	0.5	1.5	5.1	14.6	35.0	70.9	107.9	104.8	65.0	31.3	12.8	4.4	1.3	0.5	0.1	0.0	0.0
ctgaccc	ctgaccc|gggtcag	0.0	0.1	0.2	0.5	1.5	5.1	14.6	34.9	70.7	107.7	104.6	64.8	31.2	12.7	4.4	1.3	0.5	0.1	0.0	0.0
ttaagaa	ttaagaa|ttcttaa	0.0	0.0	0.1	0.3	1.0	3.4	9.6	23.0	46.6	71.0	69.0	42.8	20.6	8.4	2.9	0.8	0.3	0.1	0.0	0.0
aaaaagg	aaaaagg|ccttttt	0.0	0.0	0.1	0.4	1.2	4.1	11.5	27.6	56.0	85.2	82.7	51.3	24.7	10.1	3.5	1.0	0.4	0.1	0.0	0.0
agcaaac	agcaaac|gtttgct	0.0	0.1	0.2	0.6	1.7	5.6	16.0	38.4	77.7	118.4	114.9	71.3	34.3	14.0	4.8	1.4	0.5	0.2	0.1	0.0
atgaccc	atgaccc|gggtcat	0.0	0.0	0.1	0.3	0.9	3.2	9.1	21.7	44.0	67.0	65.1	40.3	19.4	7.9	2.7	0.8	0.3	0.1	0.0	0.0
