; classfreq  -v 1 -ci 20 -o $RSAT/public_html/tmp/apache/2014/10/08/peak-motifs.2014-10-08.083939_2014-10-08.083939_hIGyA6/results/discovered_motifs/positions_7nt_m1/peak-motifs_positions_7nt_m1_site_distrib.tab
;	min                 	minimum of class interval (inclusive)
;	max                 	maximum of class interval (exclusive)
;	center              	center of class interval
;	n                   	occurrences
;	n_cum               	cumulative occurrences (inclusive)
;	n_dcum              	decreasing cumulative occurrences (inclusive)
;	f                   	frequencies
;	f_cum               	cumulative frequencies (inclusive)
;	f_dcum              	decreasing cumulative frequencies (inclusive)
#[min	max[	center	n	n_cum	n_dcum	f	f_cum	f_dcum
-380	-360	-370	1	1	842	0.00119	0.00119	1.00000
-360	-340	-350	1	2	841	0.00119	0.00238	0.99881
-340	-320	-330	3	5	840	0.00356	0.00594	0.99762
-320	-300	-310	0	5	837	0.00000	0.00594	0.99406
-300	-280	-290	0	5	837	0.00000	0.00594	0.99406
-280	-260	-270	0	5	837	0.00000	0.00594	0.99406
-260	-240	-250	0	5	837	0.00000	0.00594	0.99406
-240	-220	-230	0	5	837	0.00000	0.00594	0.99406
-220	-200	-210	0	5	837	0.00000	0.00594	0.99406
-200	-180	-190	3	8	837	0.00356	0.00950	0.99406
-180	-160	-170	9	17	834	0.01069	0.02019	0.99050
-160	-140	-150	11	28	825	0.01306	0.03325	0.97981
-140	-120	-130	30	58	814	0.03563	0.06888	0.96675
-120	-100	-110	46	104	784	0.05463	0.12352	0.93112
-100	-80	-90	47	151	738	0.05582	0.17933	0.87648
-80	-60	-70	45	196	691	0.05344	0.23278	0.82067
-60	-40	-50	53	249	646	0.06295	0.29572	0.76722
-40	-20	-30	80	329	593	0.09501	0.39074	0.70428
-20	0	-10	108	437	513	0.12827	0.51900	0.60926
0	20	10	107	544	405	0.12708	0.64608	0.48100
20	40	30	51	595	298	0.06057	0.70665	0.35392
40	60	50	76	671	247	0.09026	0.79691	0.29335
60	80	70	39	710	171	0.04632	0.84323	0.20309
80	100	90	58	768	132	0.06888	0.91211	0.15677
100	120	110	34	802	74	0.04038	0.95249	0.08789
120	140	130	19	821	40	0.02257	0.97506	0.04751
140	160	150	8	829	21	0.00950	0.98456	0.02494
160	180	170	6	835	13	0.00713	0.99169	0.01544
180	200	190	3	838	7	0.00356	0.99525	0.00831
200	220	210	2	840	4	0.00238	0.99762	0.00475
220	240	230	2	842	2	0.00238	1.00000	0.00238
; Statistics:
; -----------
; class interval     	20
; classes            	31
; count              	842
; sum                	-4412
; mean               	-5.2399
; median class       	[-40..-20[
; var                	6.34e+03
; std                	79.607
; min                	-363
; max                	236
; range              	599
; Host name	biow
; Job started	2014-10-08.084718
; Job done	2014-10-08.084718
; Seconds	0.23
;	user	0.23
;	system	0.02
;	cuser	0
;	csystem	0
