; matrix-scan  -v 1 -quick -seq_format fasta -i $RSAT/public_html/tmp/apache/2014/10/07/peak-motifs.2014-10-07.093009_2014-10-07.093009_rKpHEN/data/sequences/peak-motifs_test.fasta -matrix_format transfac -m $RSAT/public_html/tmp/apache/2014/10/07/peak-motifs.2014-10-07.093009_2014-10-07.093009_rKpHEN/results/discovered_motifs/oligos_7nt_mkv5_m1/peak-motifs_oligos_7nt_mkv5_m1.tf -pseudo 1 -2str -decimals 1 -bg_pseudo 0.01 -n score -lth score -5 -bginput -markov 1 -return distrib -return occ_proba -o $RSAT/public_html/tmp/apache/2014/10/07/peak-motifs.2014-10-07.093009_2014-10-07.093009_rKpHEN/results/discovered_motifs/oligos_7nt_mkv5_m1/peak-motifs_oligos_7nt_mkv5_m1_scan_mkv1_enrichment.tab
; Quick counting mode          
; Input files
;	input	/vh/rsat/rsat/public_html/tmp/apache/2014/10/07/peak-motifs.2014-10-07.093009_2014-10-07.093009_rKpHEN/data/sequences/peak-motifs_test.fasta
; Matrix files
;	matrix 1	/vh/rsat/rsat/public_html/tmp/apache/2014/10/07/peak-motifs.2014-10-07.093009_2014-10-07.093009_rKpHEN/results/discovered_motifs/oligos_7nt_mkv5_m1/peak-motifs_oligos_7nt_mkv5_m1.tf
; Sequence format      	fasta
; Output files
;	output	/vh/rsat/rsat/public_html/tmp/apache/2014/10/07/peak-motifs.2014-10-07.093009_2014-10-07.093009_rKpHEN/results/discovered_motifs/oligos_7nt_mkv5_m1/peak-motifs_oligos_7nt_mkv5_m1_scan_mkv1_enrichment.tab
; Pseudo counts        	1
; Background model
;	Method        	input
;	Markov order  	1
;	Strand        	undef
;	Background pseudo-frequency	0.01
;	Residue probabilities
;		a	0.26589
;		c	0.23416
;		g	0.23390
;		t	0.26605
; Thresholds	lower	upper
;	score 	-5   	NA
;
; Matrices
;	matrix	name              	ncol	nrow	pseudo	Wmin	Wmax	Wrange
;	1	oligos_7nt_mkv5_m1	11	4	1	-39.100	10.900	50.000	a:0.266 c:0.234 g:0.234 t:0.266 
;
; Score distribution
#matrix	score	occ	occ_cum	inv_cum	inv_cum_freq	occ_prior	exp_occ	occ_Pval	occ_Eval	occ_sig	occ_sig_rank
oligos_7nt_mkv5_m1	-5.0	1513	2751649	60823	2.162619e-02	1.810680e-02	50924.83	0.000000e+00	0.000000e+00	350.00	1
oligos_7nt_mkv5_m1	-4.9	1530	2753179	59293	2.108218e-02	1.752359e-02	49284.57	0.000000e+00	0.000000e+00	350.00	2
oligos_7nt_mkv5_m1	-4.8	1607	2754786	57686	2.051080e-02	1.706572e-02	47996.82	0.000000e+00	0.000000e+00	350.00	3
oligos_7nt_mkv5_m1	-4.7	1507	2756293	56179	1.997497e-02	1.649194e-02	46383.09	0.000000e+00	0.000000e+00	350.00	4
oligos_7nt_mkv5_m1	-4.6	1474	2757767	54705	1.945087e-02	1.597933e-02	44941.40	0.000000e+00	0.000000e+00	350.00	5
oligos_7nt_mkv5_m1	-4.5	1626	2759393	53079	1.887273e-02	1.554644e-02	43723.89	0.000000e+00	0.000000e+00	350.00	6
oligos_7nt_mkv5_m1	-4.4	1603	2760996	51476	1.830277e-02	1.501182e-02	42220.28	0.000000e+00	0.000000e+00	350.00	7
oligos_7nt_mkv5_m1	-4.3	1568	2762564	49908	1.774526e-02	1.456812e-02	40972.39	0.000000e+00	0.000000e+00	350.00	8
oligos_7nt_mkv5_m1	-4.2	1519	2764083	48389	1.720516e-02	1.408291e-02	39607.77	0.000000e+00	0.000000e+00	350.00	9
oligos_7nt_mkv5_m1	-4.1	1645	2765728	46744	1.662027e-02	1.354798e-02	38103.30	0.000000e+00	0.000000e+00	350.00	10
oligos_7nt_mkv5_m1	-4.0	1600	2767328	45144	1.605137e-02	1.312029e-02	36900.42	0.000000e+00	0.000000e+00	350.00	11
oligos_7nt_mkv5_m1	-3.9	1546	2768874	43598	1.550168e-02	1.259236e-02	35415.64	0.000000e+00	0.000000e+00	350.00	12
oligos_7nt_mkv5_m1	-3.8	1550	2770424	42048	1.495056e-02	1.211163e-02	34063.58	0.000000e+00	0.000000e+00	350.00	13
oligos_7nt_mkv5_m1	-3.7	1400	2771824	40648	1.445278e-02	1.167084e-02	32823.88	0.000000e+00	0.000000e+00	350.00	14
oligos_7nt_mkv5_m1	-3.6	1386	2773210	39262	1.395997e-02	1.127733e-02	31717.14	0.000000e+00	0.000000e+00	350.00	15
oligos_7nt_mkv5_m1	-3.5	1299	2774509	37963	1.349810e-02	1.082964e-02	30458.04	0.000000e+00	0.000000e+00	350.00	16
oligos_7nt_mkv5_m1	-3.4	1215	2775724	36748	1.306609e-02	1.039713e-02	29241.62	0.000000e+00	0.000000e+00	350.00	17
oligos_7nt_mkv5_m1	-3.3	1228	2776952	35520	1.262947e-02	1.002395e-02	28192.05	0.000000e+00	0.000000e+00	350.00	18
oligos_7nt_mkv5_m1	-3.2	1091	2778043	34429	1.224155e-02	9.688915e-03	27249.78	0.000000e+00	0.000000e+00	350.00	19
oligos_7nt_mkv5_m1	-3.1	1094	2779137	33335	1.185257e-02	9.346859e-03	26287.76	0.000000e+00	0.000000e+00	350.00	20
oligos_7nt_mkv5_m1	-3.0	1074	2780211	32261	1.147070e-02	9.035910e-03	25413.23	0.000000e+00	0.000000e+00	350.00	21
oligos_7nt_mkv5_m1	-2.9	1003	2781214	31258	1.111407e-02	8.685247e-03	24427.00	0.000000e+00	0.000000e+00	350.00	22
oligos_7nt_mkv5_m1	-2.8	1010	2782224	30248	1.075496e-02	8.392056e-03	23602.41	0.000000e+00	0.000000e+00	350.00	23
oligos_7nt_mkv5_m1	-2.7	1011	2783235	29237	1.039549e-02	8.106776e-03	22800.07	0.000000e+00	0.000000e+00	350.00	24
oligos_7nt_mkv5_m1	-2.6	974	2784209	28263	1.004917e-02	7.842981e-03	22058.15	0.000000e+00	0.000000e+00	350.00	25
oligos_7nt_mkv5_m1	-2.5	976	2785185	27287	9.702148e-03	7.555700e-03	21250.18	0.000000e+00	0.000000e+00	350.00	26
oligos_7nt_mkv5_m1	-2.4	912	2786097	26375	9.377878e-03	7.262364e-03	20425.18	0.000000e+00	0.000000e+00	350.00	27
oligos_7nt_mkv5_m1	-2.3	844	2786941	25531	9.077786e-03	6.990048e-03	19659.30	0.000000e+00	0.000000e+00	350.00	28
oligos_7nt_mkv5_m1	-2.2	858	2787799	24673	8.772716e-03	6.756661e-03	19002.91	0.000000e+00	0.000000e+00	350.00	29
oligos_7nt_mkv5_m1	-2.1	709	2788508	23964	8.520624e-03	6.508776e-03	18305.74	0.000000e+00	0.000000e+00	350.00	30
oligos_7nt_mkv5_m1	-2.0	781	2789289	23183	8.242932e-03	6.274656e-03	17647.28	0.000000e+00	0.000000e+00	350.00	31
oligos_7nt_mkv5_m1	-1.9	669	2789958	22514	8.005063e-03	6.055896e-03	17032.03	0.000000e+00	0.000000e+00	350.00	32
oligos_7nt_mkv5_m1	-1.8	700	2790658	21814	7.756172e-03	5.823854e-03	16379.41	0.000000e+00	0.000000e+00	350.00	33
oligos_7nt_mkv5_m1	-1.7	1136	2791794	20678	7.352256e-03	5.617701e-03	15799.61	2.528918e-302	4.172714e-300	299.38	34
oligos_7nt_mkv5_m1	-1.6	670	2792464	20008	7.114031e-03	5.446089e-03	15316.96	1.296129e-288	2.138612e-286	285.67	35
oligos_7nt_mkv5_m1	-1.5	725	2793189	19283	6.856251e-03	5.215639e-03	14668.83	8.231278e-291	1.358161e-288	287.87	36
oligos_7nt_mkv5_m1	-1.4	667	2793856	18616	6.619093e-03	5.044250e-03	14186.80	2.624213e-277	4.329951e-275	274.36	37
oligos_7nt_mkv5_m1	-1.3	688	2794544	17928	6.374468e-03	4.835892e-03	13600.80	1.383326e-275	2.282489e-273	272.64	38
oligos_7nt_mkv5_m1	-1.2	500	2795044	17428	6.196688e-03	4.663056e-03	13114.70	5.191441e-283	8.565878e-281	280.07	39
oligos_7nt_mkv5_m1	-1.1	578	2795622	16850	5.991175e-03	4.500566e-03	12657.71	7.772706e-277	1.282496e-274	273.89	40
oligos_7nt_mkv5_m1	-1.0	518	2796140	16332	5.806995e-03	4.314791e-03	12135.22	4.601484e-288	7.592449e-286	285.12	41
oligos_7nt_mkv5_m1	-0.9	499	2796639	15833	5.629571e-03	4.161606e-03	11704.39	1.890103e-288	3.118670e-286	285.51	42
oligos_7nt_mkv5_m1	-0.8	432	2797071	15401	5.475970e-03	4.016206e-03	11295.46	1.315021e-294	2.169785e-292	291.66	43
oligos_7nt_mkv5_m1	-0.7	442	2797513	14959	5.318812e-03	3.866327e-03	10873.93	6.982944e-302	1.152186e-299	298.94	44
oligos_7nt_mkv5_m1	-0.6	427	2797940	14532	5.166988e-03	3.738921e-03	10515.60	3.216364e-301	5.307001e-299	298.28	45
oligos_7nt_mkv5_m1	-0.5	384	2798324	14148	5.030454e-03	3.603867e-03	10135.77	1.382424e-310	2.281000e-308	307.64	46
oligos_7nt_mkv5_m1	-0.4	380	2798704	13768	4.895341e-03	3.475094e-03	9773.60	4.719547e-318	7.787253e-316	315.11	47
oligos_7nt_mkv5_m1	-0.3	485	2799189	13283	4.722895e-03	3.388736e-03	9530.72	3.752704e-289	6.191962e-287	286.21	48
oligos_7nt_mkv5_m1	-0.2	446	2799635	12837	4.564315e-03	3.262923e-03	9176.87	2.461794e-285	4.061960e-283	282.39	49
oligos_7nt_mkv5_m1	-0.1	352	2799987	12485	4.439158e-03	3.146206e-03	8848.61	4.480098e-291	7.392162e-289	288.13	50
oligos_7nt_mkv5_m1	0.0	433	2800420	12052	4.285201e-03	3.038255e-03	8545.00	1.918551e-280	3.165610e-278	277.50	51
oligos_7nt_mkv5_m1	0.1	352	2800772	11700	4.160044e-03	2.946478e-03	8286.88	7.916317e-274	1.306192e-271	270.88	52
oligos_7nt_mkv5_m1	0.2	370	2801142	11330	4.028487e-03	2.834464e-03	7971.84	7.808003e-275	1.288320e-272	271.89	53
oligos_7nt_mkv5_m1	0.3	361	2801503	10969	3.900130e-03	2.736430e-03	7696.13	3.930954e-270	6.486074e-268	267.19	54
oligos_7nt_mkv5_m1	0.4	334	2801837	10635	3.781374e-03	2.645789e-03	7441.20	8.696519e-266	1.434926e-263	262.84	55
oligos_7nt_mkv5_m1	0.5	307	2802144	10328	3.672217e-03	2.566754e-03	7218.92	1.458626e-259	2.406733e-257	256.62	56
oligos_7nt_mkv5_m1	0.6	421	2802565	9907	3.522526e-03	2.481498e-03	6979.14	5.856672e-239	9.663508e-237	236.01	57
oligos_7nt_mkv5_m1	0.7	255	2802820	9652	3.431859e-03	2.379192e-03	6691.41	3.799131e-253	6.268566e-251	250.20	58
oligos_7nt_mkv5_m1	0.8	314	2803134	9338	3.320213e-03	2.293661e-03	6450.85	2.117325e-249	3.493587e-247	246.46	59
oligos_7nt_mkv5_m1	0.9	356	2803490	8982	3.193634e-03	2.206783e-03	6206.51	1.192570e-239	1.967740e-237	236.71	60
oligos_7nt_mkv5_m1	1.0	284	2803774	8698	3.092655e-03	2.106685e-03	5924.99	3.996145e-249	6.593639e-247	246.18	61
oligos_7nt_mkv5_m1	1.1	263	2804037	8435	2.999143e-03	2.030653e-03	5711.15	8.763603e-249	1.445994e-246	245.84	62
oligos_7nt_mkv5_m1	1.2	321	2804358	8114	2.885009e-03	1.940249e-03	5456.89	3.922159e-247	6.471562e-245	244.19	63
oligos_7nt_mkv5_m1	1.3	301	2804659	7813	2.777985e-03	1.855625e-03	5218.89	1.180862e-245	1.948423e-243	242.71	64
oligos_7nt_mkv5_m1	1.4	299	2804958	7514	2.671673e-03	1.790110e-03	5034.63	5.411059e-233	8.928247e-231	230.05	65
oligos_7nt_mkv5_m1	1.5	257	2805215	7257	2.580294e-03	1.704387e-03	4793.54	3.505363e-240	5.783850e-238	237.24	66
oligos_7nt_mkv5_m1	1.6	223	2805438	7034	2.501004e-03	1.641925e-03	4617.87	2.895649e-239	4.777820e-237	236.32	67
oligos_7nt_mkv5_m1	1.7	252	2805690	6782	2.411403e-03	1.575420e-03	4430.82	1.020178e-235	1.683294e-233	232.77	68
oligos_7nt_mkv5_m1	1.8	233	2805923	6549	2.328558e-03	1.519851e-03	4274.53	1.259327e-228	2.077890e-226	225.68	69
oligos_7nt_mkv5_m1	1.9	196	2806119	6353	2.258869e-03	1.462677e-03	4113.73	1.523558e-229	2.513871e-227	226.60	70
oligos_7nt_mkv5_m1	2.0	189	2806308	6164	2.191668e-03	1.407204e-03	3957.72	7.735956e-231	1.276433e-228	227.89	71
oligos_7nt_mkv5_m1	2.1	214	2806522	5950	2.115578e-03	1.353644e-03	3807.08	4.046756e-226	6.677147e-224	223.18	72
oligos_7nt_mkv5_m1	2.2	217	2806739	5733	2.038422e-03	1.301393e-03	3660.13	6.145311e-220	1.013976e-217	216.99	73
oligos_7nt_mkv5_m1	2.3	233	2806972	5500	1.955576e-03	1.249431e-03	3513.99	1.942844e-210	3.205693e-208	207.49	74
oligos_7nt_mkv5_m1	2.4	190	2807162	5310	1.888020e-03	1.203913e-03	3385.97	7.136688e-205	1.177554e-202	201.93	75
oligos_7nt_mkv5_m1	2.5	162	2807324	5148	1.830420e-03	1.145494e-03	3221.67	3.669107e-214	6.054027e-212	211.22	76
oligos_7nt_mkv5_m1	2.6	181	2807505	4967	1.766063e-03	1.094669e-03	3078.72	1.592773e-214	2.628076e-212	211.58	77
oligos_7nt_mkv5_m1	2.7	201	2807706	4766	1.694596e-03	1.048838e-03	2949.83	4.439949e-207	7.325916e-205	204.14	78
oligos_7nt_mkv5_m1	2.8	150	2807856	4616	1.641262e-03	1.002685e-03	2820.02	1.062576e-210	1.753250e-208	207.76	79
oligos_7nt_mkv5_m1	2.9	169	2808025	4447	1.581172e-03	9.605957e-04	2701.65	2.767083e-207	4.565687e-205	204.34	80
oligos_7nt_mkv5_m1	3.0	164	2808189	4283	1.522861e-03	9.228963e-04	2595.62	1.606855e-201	2.651311e-199	198.58	81
oligos_7nt_mkv5_m1	3.1	167	2808356	4116	1.463482e-03	8.666573e-04	2437.45	2.489268e-210	4.107292e-208	207.39	82
oligos_7nt_mkv5_m1	3.2	194	2808550	3922	1.394504e-03	8.295501e-04	2333.08	2.212267e-197	3.650241e-195	194.44	83
oligos_7nt_mkv5_m1	3.3	194	2808744	3728	1.325525e-03	7.840924e-04	2205.24	1.953304e-191	3.222952e-189	188.49	84
oligos_7nt_mkv5_m1	3.4	211	2808955	3517	1.250502e-03	7.458911e-04	2097.80	1.484079e-175	2.448730e-173	172.61	85
oligos_7nt_mkv5_m1	3.5	223	2809178	3294	1.171212e-03	6.950673e-04	1954.86	1.687275e-167	2.784004e-165	164.56	86
oligos_7nt_mkv5_m1	3.6	215	2809393	3079	1.094767e-03	6.451175e-04	1814.37	1.397896e-160	2.306528e-158	157.64	87
oligos_7nt_mkv5_m1	3.7	172	2809565	2907	1.033611e-03	5.976396e-04	1680.84	1.031518e-161	1.702005e-159	158.77	88
oligos_7nt_mkv5_m1	3.8	204	2809769	2703	9.610769e-04	5.583558e-04	1570.36	3.698451e-148	6.102445e-146	145.21	89
oligos_7nt_mkv5_m1	3.9	176	2809945	2527	8.984985e-04	5.168804e-04	1453.71	3.190920e-143	5.265017e-141	140.28	90
oligos_7nt_mkv5_m1	4.0	162	2810107	2365	8.408979e-04	4.699000e-04	1321.58	4.088123e-147	6.745404e-145	144.17	91
oligos_7nt_mkv5_m1	4.1	164	2810271	2201	7.825861e-04	4.285179e-04	1205.19	9.320747e-146	1.537923e-143	142.81	92
oligos_7nt_mkv5_m1	4.2	135	2810406	2066	7.345856e-04	4.038462e-04	1135.81	2.508958e-135	4.139781e-133	132.38	93
oligos_7nt_mkv5_m1	4.3	121	2810527	1945	6.915629e-04	3.628921e-04	1020.62	9.106959e-146	1.502648e-143	142.82	94
oligos_7nt_mkv5_m1	4.4	153	2810680	1792	6.371624e-04	3.388842e-04	953.10	1.635156e-129	2.698008e-127	126.57	95
oligos_7nt_mkv5_m1	4.5	123	2810803	1669	5.934286e-04	3.148437e-04	885.49	1.298232e-121	2.142082e-119	118.67	96
oligos_7nt_mkv5_m1	4.6	67	2810870	1602	5.696061e-04	2.898084e-04	815.08	7.696464e-131	1.269916e-128	127.90	97
oligos_7nt_mkv5_m1	4.7	93	2810963	1509	5.365391e-04	2.747484e-04	772.72	2.673655e-121	4.411531e-119	118.36	98
oligos_7nt_mkv5_m1	4.8	52	2811015	1457	5.180500e-04	2.574376e-04	724.04	1.280626e-126	2.113033e-124	123.68	99
oligos_7nt_mkv5_m1	4.9	65	2811080	1392	4.949386e-04	2.421639e-04	681.08	7.857358e-126	1.296464e-123	122.89	100
oligos_7nt_mkv5_m1	5.0	46	2811126	1346	4.785829e-04	2.332379e-04	655.97	6.290310e-123	1.037901e-120	119.98	101
oligos_7nt_mkv5_m1	5.1	34	2811160	1312	4.664939e-04	2.230386e-04	627.29	1.593367e-125	2.629055e-123	122.58	102
oligos_7nt_mkv5_m1	5.2	39	2811199	1273	4.526271e-04	2.139355e-04	601.69	3.395002e-125	5.601753e-123	122.25	103
oligos_7nt_mkv5_m1	5.3	35	2811234	1238	4.401825e-04	2.071274e-04	582.54	4.410381e-123	7.277129e-121	120.14	104
oligos_7nt_mkv5_m1	5.4	31	2811265	1207	4.291601e-04	2.011412e-04	565.70	3.698380e-121	6.102327e-119	118.21	105
oligos_7nt_mkv5_m1	5.5	33	2811298	1174	4.174267e-04	1.965707e-04	552.85	1.271835e-116	2.098528e-114	113.68	106
oligos_7nt_mkv5_m1	5.6	24	2811322	1150	4.088933e-04	1.917004e-04	539.15	1.857979e-115	3.065666e-113	112.51	107
oligos_7nt_mkv5_m1	5.7	23	2811345	1127	4.007154e-04	1.878405e-04	528.30	3.159380e-113	5.212977e-111	110.28	108
oligos_7nt_mkv5_m1	5.8	15	2811360	1112	3.953820e-04	1.826017e-04	513.56	1.341739e-115	2.213869e-113	112.65	109
oligos_7nt_mkv5_m1	5.9	37	2811397	1075	3.822263e-04	1.788103e-04	502.90	1.321190e-108	2.179963e-106	105.66	110
oligos_7nt_mkv5_m1	6.0	23	2811420	1052	3.740484e-04	1.741034e-04	489.66	1.468223e-107	2.422567e-105	104.62	111
oligos_7nt_mkv5_m1	6.1	29	2811449	1023	3.637372e-04	1.687989e-04	474.74	2.299853e-105	3.794757e-103	102.42	112
oligos_7nt_mkv5_m1	6.2	43	2811492	980	3.484482e-04	1.633112e-04	459.31	8.957261e-99	1.477948e-96	95.83	113
oligos_7nt_mkv5_m1	6.3	30	2811522	950	3.377814e-04	1.576789e-04	443.47	1.071494e-96	1.767966e-94	93.75	114
oligos_7nt_mkv5_m1	6.4	31	2811553	919	3.267590e-04	1.530612e-04	430.48	7.109999e-93	1.173150e-90	89.93	115
oligos_7nt_mkv5_m1	6.5	28	2811581	891	3.168034e-04	1.482181e-04	416.86	2.332911e-90	3.849304e-88	87.41	116
oligos_7nt_mkv5_m1	6.6	24	2811605	867	3.082700e-04	1.425376e-04	400.88	2.341315e-90	3.863170e-88	87.41	117
oligos_7nt_mkv5_m1	6.7	22	2811627	845	3.004476e-04	1.386472e-04	389.94	1.656582e-88	2.733360e-86	85.56	118
oligos_7nt_mkv5_m1	6.8	27	2811654	818	2.908475e-04	1.344812e-04	378.22	2.276443e-85	3.756130e-83	82.43	119
oligos_7nt_mkv5_m1	6.9	23	2811677	795	2.826697e-04	1.303011e-04	366.47	1.348701e-83	2.225356e-81	80.65	120
oligos_7nt_mkv5_m1	7.0	13	2811690	782	2.780474e-04	1.256011e-04	353.25	5.202931e-86	8.584836e-84	83.07	121
oligos_7nt_mkv5_m1	7.1	19	2811709	763	2.712918e-04	1.217842e-04	342.51	4.094692e-85	6.756242e-83	82.17	122
oligos_7nt_mkv5_m1	7.2	20	2811729	743	2.641806e-04	1.185163e-04	333.32	4.731857e-83	7.807564e-81	80.11	123
oligos_7nt_mkv5_m1	7.3	19	2811748	724	2.574250e-04	1.138756e-04	320.27	1.962892e-83	3.238771e-81	80.49	124
oligos_7nt_mkv5_m1	7.4	28	2811776	696	2.474693e-04	1.109216e-04	311.96	4.474571e-78	7.383042e-76	75.13	125
oligos_7nt_mkv5_m1	7.5	22	2811798	674	2.396470e-04	1.075861e-04	302.58	2.043195e-75	3.371271e-73	72.47	126
oligos_7nt_mkv5_m1	7.6	17	2811815	657	2.336025e-04	1.034848e-04	291.05	1.122211e-75	1.851649e-73	72.73	127
oligos_7nt_mkv5_m1	7.7	28	2811843	629	2.236468e-04	1.001654e-04	281.71	7.093803e-71	1.170477e-68	67.93	128
oligos_7nt_mkv5_m1	7.8	15	2811858	614	2.183134e-04	9.600170e-05	270.00	5.869368e-72	9.684457e-70	69.01	129
oligos_7nt_mkv5_m1	7.9	8	2811866	606	2.154690e-04	9.242380e-05	259.94	9.309451e-75	1.536059e-72	71.81	130
oligos_7nt_mkv5_m1	8.0	25	2811891	581	2.065800e-04	8.994612e-05	252.97	1.307753e-69	2.157793e-67	66.67	131
oligos_7nt_mkv5_m1	8.1	39	2811930	542	1.927132e-04	8.529511e-05	239.89	6.655078e-63	1.098088e-60	59.96	132
oligos_7nt_mkv5_m1	8.2	18	2811948	524	1.863131e-04	7.944600e-05	223.44	1.087714e-65	1.794728e-63	62.75	133
oligos_7nt_mkv5_m1	8.3	34	2811982	490	1.742241e-04	7.465868e-05	209.98	5.902807e-61	9.739631e-59	58.01	134
oligos_7nt_mkv5_m1	8.4	53	2812035	437	1.553794e-04	7.144624e-05	200.94	4.088770e-47	6.746471e-45	44.17	135
oligos_7nt_mkv5_m1	8.5	21	2812056	416	1.479127e-04	6.103659e-05	171.66	5.173608e-56	8.536453e-54	53.07	136
oligos_7nt_mkv5_m1	8.6	31	2812087	385	1.368903e-04	5.560544e-05	156.39	1.514950e-53	2.499667e-51	50.60	137
oligos_7nt_mkv5_m1	8.7	47	2812134	338	1.201791e-04	5.164045e-05	145.24	1.995315e-42	3.292270e-40	39.48	138
oligos_7nt_mkv5_m1	8.8	43	2812177	295	1.048900e-04	4.498730e-05	126.53	2.077824e-37	3.428410e-35	34.46	139
oligos_7nt_mkv5_m1	8.9	27	2812204	268	9.528991e-05	3.756920e-05	105.66	5.935628e-40	9.793786e-38	37.01	140
oligos_7nt_mkv5_m1	9.0	44	2812248	224	7.964529e-05	3.295507e-05	92.69	6.886026e-31	1.136194e-28	27.94	141
oligos_7nt_mkv5_m1	9.1	22	2812270	202	7.182299e-05	2.833068e-05	79.68	1.501221e-30	2.477015e-28	27.61	142
oligos_7nt_mkv5_m1	9.2	39	2812309	163	5.795617e-05	2.448952e-05	68.88	4.218670e-22	6.960806e-20	19.16	143
oligos_7nt_mkv5_m1	9.3	19	2812328	144	5.120055e-05	2.006755e-05	56.44	1.529584e-22	2.523813e-20	19.60	144
oligos_7nt_mkv5_m1	9.4	18	2812346	126	4.480048e-05	1.570557e-05	44.17	8.192871e-24	1.351824e-21	20.87	145
oligos_7nt_mkv5_m1	9.5	26	2812372	100	3.555593e-05	1.321456e-05	37.17	1.261328e-17	2.081192e-15	14.68	146
oligos_7nt_mkv5_m1	9.6	26	2812398	74	2.631139e-05	1.192394e-05	33.54	1.141223e-09	1.883018e-07	6.73	147
oligos_7nt_mkv5_m1	9.7	12	2812410	62	2.204468e-05	8.721860e-06	24.53	1.665630e-10	2.748289e-08	7.56	148
oligos_7nt_mkv5_m1	9.8	13	2812423	49	1.742241e-05	7.840774e-06	22.05	5.193163e-07	8.568718e-05	4.07	149
oligos_7nt_mkv5_m1	9.9	2	2812425	47	1.671129e-05	5.962888e-06	16.77	1.101028e-09	1.816696e-07	6.74	150
oligos_7nt_mkv5_m1	10.0	5	2812430	42	1.493349e-05	4.870393e-06	13.70	6.416014e-10	1.058642e-07	6.98	151
oligos_7nt_mkv5_m1	10.1	2	2812432	40	1.422237e-05	4.566234e-06	12.84	1.042087e-09	1.719444e-07	6.76	152
oligos_7nt_mkv5_m1	10.2	3	2812435	37	1.315570e-05	3.911854e-06	11.00	5.810540e-10	9.587391e-08	7.02	153
oligos_7nt_mkv5_m1	10.3	3	2812438	34	1.208902e-05	3.261582e-06	9.17	2.523786e-10	4.164247e-08	7.38	154
oligos_7nt_mkv5_m1	10.5	9	2812447	25	8.888984e-06	2.812300e-06	7.91	9.609054e-07	1.585494e-04	3.80	155
oligos_7nt_mkv5_m1	10.7	1	2812448	24	8.533424e-06	2.114371e-06	5.95	2.106565e-08	3.475832e-06	5.46	156
oligos_7nt_mkv5_m1	10.8	2	2812450	22	7.822306e-06	1.974717e-06	5.55	1.087809e-07	1.794886e-05	4.75	157
oligos_7nt_mkv5_m1	10.9	1	2812451	21	7.466746e-06	1.741488e-06	4.90	5.788848e-08	9.551599e-06	5.02	158
oligos_7nt_mkv5_m1	11.0	3	2812454	18	6.400068e-06	1.350529e-06	3.80	1.181081e-07	1.948783e-05	4.71	159
oligos_7nt_mkv5_m1	11.1	3	2812457	15	5.333390e-06	9.970979e-07	2.80	2.921261e-07	4.820081e-05	4.32	160
oligos_7nt_mkv5_m1	11.2	1	2812458	14	4.977831e-06	9.970979e-07	2.80	1.584081e-06	2.613733e-04	3.58	161
oligos_7nt_mkv5_m1	11.3	7	2812465	7	2.488915e-06	6.911195e-07	1.94	3.894318e-03	6.425625e-01	0.19	162
oligos_7nt_mkv5_m1	11.5	4	2812469	3	1.066678e-06	2.502843e-07	0.70	3.461985e-02	5.712275e+00	-0.76	163
oligos_7nt_mkv5_m1	11.9	1	2812470	2	7.111187e-07	8.435862e-08	0.24	2.406568e-02	3.970837e+00	-0.60	164
oligos_7nt_mkv5_m1	12.1	2	2812472	0	0.000000e+00	2.748739e-08	0.08	1.000000e+00	1.650000e+02	-2.22	165
; Number of sequences scanned	7041
; Sum of sequence lengths	1476646
; N residues           	0
; Matches per matrix
;	matrix	name              	matches	scored
;	1	oligos_7nt_mkv5_m1	2812470	2812470
;		TOTAL          	2812470	2812470
; Host name	biow
; Job started	2014-10-07.094117
; Job done	2014-10-07.094121
; Seconds	2.37
;	user	2.37
;	system	0.03
;	cuser	0.27
;	csystem	0.02
