; classfreq  -v 1 -ci 1 -o $RSAT/public_html/tmp/apache/2014/10/07/peak-motifs.2014-10-07.093009_2014-10-07.093009_rKpHEN/results/discovered_motifs/dyads_m5/peak-motifs_dyads_m5_sites_per_peak.tab
;	min                 	minimum of class interval (inclusive)
;	max                 	maximum of class interval (exclusive)
;	center              	center of class interval
;	n                   	occurrences
;	n_cum               	cumulative occurrences (inclusive)
;	n_dcum              	decreasing cumulative occurrences (inclusive)
;	f                   	frequencies
;	f_cum               	cumulative frequencies (inclusive)
;	f_dcum              	decreasing cumulative frequencies (inclusive)
#[min	max[	center	n	n_cum	n_dcum	f	f_cum	f_dcum
1	2	1.5	305	305	556	0.54856	0.54856	1.00000
2	3	2.5	93	398	251	0.16727	0.71583	0.45144
3	4	3.5	41	439	158	0.07374	0.78957	0.28417
4	5	4.5	29	468	117	0.05216	0.84173	0.21043
5	6	5.5	17	485	88	0.03058	0.87230	0.15827
6	7	6.5	19	504	71	0.03417	0.90647	0.12770
7	8	7.5	8	512	52	0.01439	0.92086	0.09353
8	9	8.5	12	524	44	0.02158	0.94245	0.07914
9	10	9.5	3	527	32	0.00540	0.94784	0.05755
10	11	10.5	4	531	29	0.00719	0.95504	0.05216
11	12	11.5	3	534	25	0.00540	0.96043	0.04496
12	13	12.5	4	538	22	0.00719	0.96763	0.03957
13	14	13.5	1	539	18	0.00180	0.96942	0.03237
14	15	14.5	1	540	17	0.00180	0.97122	0.03058
15	16	15.5	4	544	16	0.00719	0.97842	0.02878
16	17	16.5	2	546	12	0.00360	0.98201	0.02158
17	18	17.5	1	547	10	0.00180	0.98381	0.01799
18	19	18.5	2	549	9	0.00360	0.98741	0.01619
19	20	19.5	1	550	7	0.00180	0.98921	0.01259
20	21	20.5	0	550	6	0.00000	0.98921	0.01079
21	22	21.5	0	550	6	0.00000	0.98921	0.01079
22	23	22.5	2	552	6	0.00360	0.99281	0.01079
23	24	23.5	2	554	4	0.00360	0.99640	0.00719
24	25	24.5	0	554	2	0.00000	0.99640	0.00360
25	26	25.5	1	555	2	0.00180	0.99820	0.00360
26	27	26.5	0	555	1	0.00000	0.99820	0.00180
27	28	27.5	0	555	1	0.00000	0.99820	0.00180
28	29	28.5	0	555	1	0.00000	0.99820	0.00180
29	30	29.5	0	555	1	0.00000	0.99820	0.00180
30	31	30.5	0	555	1	0.00000	0.99820	0.00180
31	32	31.5	1	556	1	0.00180	1.00000	0.00180
; Statistics:
; -----------
; class interval     	1
; classes            	31
; count              	556
; sum                	1566
; mean               	2.81655
; median class       	[2..3[
; var                	13.7
; std                	3.70623
; min                	1
; max                	31
; range              	30
; Host name	biow
; Job started	2014-10-07.094345
; Job done	2014-10-07.094345
; Seconds	0.22
;	user	0.22
;	system	0.02
;	cuser	0
;	csystem	0
