; classfreq  -v 1 -ci 20 -o $RSAT/public_html/tmp/apache/2014/10/07/peak-motifs.2014-10-07.093009_2014-10-07.093009_rKpHEN/results/discovered_motifs/positions_7nt_m3/peak-motifs_positions_7nt_m3_site_distrib.tab
;	min                 	minimum of class interval (inclusive)
;	max                 	maximum of class interval (exclusive)
;	center              	center of class interval
;	n                   	occurrences
;	n_cum               	cumulative occurrences (inclusive)
;	n_dcum              	decreasing cumulative occurrences (inclusive)
;	f                   	frequencies
;	f_cum               	cumulative frequencies (inclusive)
;	f_dcum              	decreasing cumulative frequencies (inclusive)
#[min	max[	center	n	n_cum	n_dcum	f	f_cum	f_dcum
-320	-300	-310	3	3	485	0.00619	0.00619	1.00000
-300	-280	-290	0	3	482	0.00000	0.00619	0.99381
-280	-260	-270	0	3	482	0.00000	0.00619	0.99381
-260	-240	-250	0	3	482	0.00000	0.00619	0.99381
-240	-220	-230	0	3	482	0.00000	0.00619	0.99381
-220	-200	-210	2	5	482	0.00412	0.01031	0.99381
-200	-180	-190	0	5	480	0.00000	0.01031	0.98969
-180	-160	-170	2	7	480	0.00412	0.01443	0.98969
-160	-140	-150	6	13	478	0.01237	0.02680	0.98557
-140	-120	-130	7	20	472	0.01443	0.04124	0.97320
-120	-100	-110	11	31	465	0.02268	0.06392	0.95876
-100	-80	-90	13	44	454	0.02680	0.09072	0.93608
-80	-60	-70	20	64	441	0.04124	0.13196	0.90928
-60	-40	-50	40	104	421	0.08247	0.21443	0.86804
-40	-20	-30	88	192	381	0.18144	0.39588	0.78557
-20	0	-10	107	299	293	0.22062	0.61649	0.60412
0	20	10	70	369	186	0.14433	0.76082	0.38351
20	40	30	48	417	116	0.09897	0.85979	0.23918
40	60	50	22	439	68	0.04536	0.90515	0.14021
60	80	70	17	456	46	0.03505	0.94021	0.09485
80	100	90	17	473	29	0.03505	0.97526	0.05979
100	120	110	4	477	12	0.00825	0.98351	0.02474
120	140	130	3	480	8	0.00619	0.98969	0.01649
140	160	150	2	482	5	0.00412	0.99381	0.01031
160	180	170	1	483	3	0.00206	0.99588	0.00619
180	200	190	0	483	2	0.00000	0.99588	0.00412
200	220	210	1	484	2	0.00206	0.99794	0.00412
220	240	230	0	484	1	0.00000	0.99794	0.00206
240	260	250	1	485	1	0.00206	1.00000	0.00206
; Statistics:
; -----------
; class interval     	20
; classes            	29
; count              	485
; sum                	-5367
; mean               	-11.066
; median class       	[-40..-20[
; var                	3.65e+03
; std                	60.4521
; min                	-317
; max                	255
; range              	572
; Host name	biow
; Job started	2014-10-07.094224
; Job done	2014-10-07.094224
; Seconds	0.23
;	user	0.23
;	system	0.01
;	cuser	0
;	csystem	0
