; classfreq  -v 1 -ci 20 -o $RSAT/public_html/tmp/apache/2014/10/08/peak-motifs.2014-10-08.083939_2014-10-08.083939_hIGyA6/results/discovered_motifs/dyads_m1/peak-motifs_dyads_m1_site_distrib.tab
;	min                 	minimum of class interval (inclusive)
;	max                 	maximum of class interval (exclusive)
;	center              	center of class interval
;	n                   	occurrences
;	n_cum               	cumulative occurrences (inclusive)
;	n_dcum              	decreasing cumulative occurrences (inclusive)
;	f                   	frequencies
;	f_cum               	cumulative frequencies (inclusive)
;	f_dcum              	decreasing cumulative frequencies (inclusive)
#[min	max[	center	n	n_cum	n_dcum	f	f_cum	f_dcum
-340	-320	-330	2	2	776	0.00258	0.00258	1.00000
-320	-300	-310	0	2	774	0.00000	0.00258	0.99742
-300	-280	-290	0	2	774	0.00000	0.00258	0.99742
-280	-260	-270	0	2	774	0.00000	0.00258	0.99742
-260	-240	-250	0	2	774	0.00000	0.00258	0.99742
-240	-220	-230	6	8	774	0.00773	0.01031	0.99742
-220	-200	-210	1	9	768	0.00129	0.01160	0.98969
-200	-180	-190	3	12	767	0.00387	0.01546	0.98840
-180	-160	-170	3	15	764	0.00387	0.01933	0.98454
-160	-140	-150	7	22	761	0.00902	0.02835	0.98067
-140	-120	-130	18	40	754	0.02320	0.05155	0.97165
-120	-100	-110	45	85	736	0.05799	0.10954	0.94845
-100	-80	-90	52	137	691	0.06701	0.17655	0.89046
-80	-60	-70	36	173	639	0.04639	0.22294	0.82345
-60	-40	-50	58	231	603	0.07474	0.29768	0.77706
-40	-20	-30	85	316	545	0.10954	0.40722	0.70232
-20	0	-10	102	418	460	0.13144	0.53866	0.59278
0	20	10	74	492	358	0.09536	0.63402	0.46134
20	40	30	61	553	284	0.07861	0.71263	0.36598
40	60	50	62	615	223	0.07990	0.79253	0.28737
60	80	70	41	656	161	0.05284	0.84536	0.20747
80	100	90	36	692	120	0.04639	0.89175	0.15464
100	120	110	34	726	84	0.04381	0.93557	0.10825
120	140	130	23	749	50	0.02964	0.96521	0.06443
140	160	150	17	766	27	0.02191	0.98711	0.03479
160	180	170	7	773	10	0.00902	0.99613	0.01289
180	200	190	1	774	3	0.00129	0.99742	0.00387
200	220	210	0	774	2	0.00000	0.99742	0.00258
220	240	230	1	775	2	0.00129	0.99871	0.00258
240	260	250	1	776	1	0.00129	1.00000	0.00129
; Statistics:
; -----------
; class interval     	20
; classes            	30
; count              	776
; sum                	-2744
; mean               	-3.53608
; median class       	[-40..-20[
; var                	6.23e+03
; std                	78.9481
; min                	-337
; max                	254
; range              	591
; Host name	biow
; Job started	2014-10-08.084739
; Job done	2014-10-08.084739
; Seconds	0.23
;	user	0.23
;	system	0.01
;	cuser	0
;	csystem	0
