; classfreq  -v 1 -ci 20 -o $RSAT/public_html/tmp/apache/2014/10/07/peak-motifs.2014-10-07.093009_2014-10-07.093009_rKpHEN/results/discovered_motifs/oligos_6nt_mkv4_m1/peak-motifs_oligos_6nt_mkv4_m1_site_distrib.tab
;	min                 	minimum of class interval (inclusive)
;	max                 	maximum of class interval (exclusive)
;	center              	center of class interval
;	n                   	occurrences
;	n_cum               	cumulative occurrences (inclusive)
;	n_dcum              	decreasing cumulative occurrences (inclusive)
;	f                   	frequencies
;	f_cum               	cumulative frequencies (inclusive)
;	f_dcum              	decreasing cumulative frequencies (inclusive)
#[min	max[	center	n	n_cum	n_dcum	f	f_cum	f_dcum
-360	-340	-350	1	1	1532	0.00065	0.00065	1.00000
-340	-320	-330	0	1	1531	0.00000	0.00065	0.99935
-320	-300	-310	1	2	1531	0.00065	0.00131	0.99935
-300	-280	-290	0	2	1530	0.00000	0.00131	0.99869
-280	-260	-270	4	6	1530	0.00261	0.00392	0.99869
-260	-240	-250	2	8	1526	0.00131	0.00522	0.99608
-240	-220	-230	1	9	1524	0.00065	0.00587	0.99478
-220	-200	-210	4	13	1523	0.00261	0.00849	0.99413
-200	-180	-190	0	13	1519	0.00000	0.00849	0.99151
-180	-160	-170	11	24	1519	0.00718	0.01567	0.99151
-160	-140	-150	19	43	1508	0.01240	0.02807	0.98433
-140	-120	-130	31	74	1489	0.02023	0.04830	0.97193
-120	-100	-110	39	113	1458	0.02546	0.07376	0.95170
-100	-80	-90	55	168	1419	0.03590	0.10966	0.92624
-80	-60	-70	90	258	1364	0.05875	0.16841	0.89034
-60	-40	-50	141	399	1274	0.09204	0.26044	0.83159
-40	-20	-30	225	624	1133	0.14687	0.40731	0.73956
-20	0	-10	214	838	908	0.13969	0.54700	0.59269
0	20	10	181	1019	694	0.11815	0.66514	0.45300
20	40	30	167	1186	513	0.10901	0.77415	0.33486
40	60	50	116	1302	346	0.07572	0.84987	0.22585
60	80	70	87	1389	230	0.05679	0.90666	0.15013
80	100	90	52	1441	143	0.03394	0.94060	0.09334
100	120	110	30	1471	91	0.01958	0.96018	0.05940
120	140	130	23	1494	61	0.01501	0.97520	0.03982
140	160	150	15	1509	38	0.00979	0.98499	0.02480
160	180	170	8	1517	23	0.00522	0.99021	0.01501
180	200	190	6	1523	15	0.00392	0.99413	0.00979
200	220	210	5	1528	9	0.00326	0.99739	0.00587
220	240	230	1	1529	4	0.00065	0.99804	0.00261
240	260	250	3	1532	3	0.00196	1.00000	0.00196
; Statistics:
; -----------
; class interval     	20
; classes            	31
; count              	1532
; sum                	-7266
; mean               	-4.74282
; median class       	[-40..-20[
; var                	4.78e+03
; std                	69.1231
; min                	-350.5
; max                	259.5
; range              	610
; Host name	biow
; Job started	2014-10-07.093932
; Job done	2014-10-07.093932
; Seconds	0.23
;	user	0.23
;	system	0.01
;	cuser	0
;	csystem	0
