; matrix-scan  -v 1 -quick -seq_format fasta -i $RSAT/public_html/tmp/apache/2014/10/08/peak-motifs.2014-10-08.083939_2014-10-08.083939_hIGyA6/data/sequences/peak-motifs_test.fasta -matrix_format transfac -m $RSAT/public_html/tmp/apache/2014/10/08/peak-motifs.2014-10-08.083939_2014-10-08.083939_hIGyA6/results/discovered_motifs/oligos_6nt_mkv4_m5/peak-motifs_oligos_6nt_mkv4_m5.tf -pseudo 1 -2str -decimals 1 -bg_pseudo 0.01 -n score -lth score -5 -bginput -markov 1 -return distrib -return occ_proba -o $RSAT/public_html/tmp/apache/2014/10/08/peak-motifs.2014-10-08.083939_2014-10-08.083939_hIGyA6/results/discovered_motifs/oligos_6nt_mkv4_m5/peak-motifs_oligos_6nt_mkv4_m5_scan_mkv1_enrichment.tab
; Quick counting mode          
; Input files
;	input	/vh/rsat/rsat/public_html/tmp/apache/2014/10/08/peak-motifs.2014-10-08.083939_2014-10-08.083939_hIGyA6/data/sequences/peak-motifs_test.fasta
; Matrix files
;	matrix 1	/vh/rsat/rsat/public_html/tmp/apache/2014/10/08/peak-motifs.2014-10-08.083939_2014-10-08.083939_hIGyA6/results/discovered_motifs/oligos_6nt_mkv4_m5/peak-motifs_oligos_6nt_mkv4_m5.tf
; Sequence format      	fasta
; Output files
;	output	/vh/rsat/rsat/public_html/tmp/apache/2014/10/08/peak-motifs.2014-10-08.083939_2014-10-08.083939_hIGyA6/results/discovered_motifs/oligos_6nt_mkv4_m5/peak-motifs_oligos_6nt_mkv4_m5_scan_mkv1_enrichment.tab
; Pseudo counts        	1
; Background model
;	Method        	input
;	Markov order  	1
;	Strand        	undef
;	Background pseudo-frequency	0.01
;	Residue probabilities
;		a	0.29701
;		c	0.20351
;		g	0.20377
;		t	0.29571
; Thresholds	lower	upper
;	score 	-5   	NA
;
; Matrices
;	matrix	name              	ncol	nrow	pseudo	Wmin	Wmax	Wrange
;	1	oligos_6nt_mkv4_m5	11	4	1	-30.900	9.500	40.400	a:0.297 c:0.204 g:0.204 t:0.296 
;
; Score distribution
#matrix	score	occ	occ_cum	inv_cum	inv_cum_freq	occ_prior	exp_occ	occ_Pval	occ_Eval	occ_sig	occ_sig_rank
oligos_6nt_mkv4_m5	-5.0	2319	2532773	83231	3.181631e-02	2.678135e-02	70059.61	0.000000e+00	0.000000e+00	350.00	1
oligos_6nt_mkv4_m5	-4.9	1991	2534764	81240	3.105522e-02	2.594222e-02	67864.47	0.000000e+00	0.000000e+00	350.00	2
oligos_6nt_mkv4_m5	-4.8	2005	2536769	79235	3.028878e-02	2.530094e-02	66186.88	0.000000e+00	0.000000e+00	350.00	3
oligos_6nt_mkv4_m5	-4.7	1820	2538589	77415	2.959306e-02	2.456186e-02	64253.47	0.000000e+00	0.000000e+00	350.00	4
oligos_6nt_mkv4_m5	-4.6	1815	2540404	75600	2.889925e-02	2.393831e-02	62622.26	0.000000e+00	0.000000e+00	350.00	5
oligos_6nt_mkv4_m5	-4.5	1939	2542343	73661	2.815804e-02	2.340351e-02	61223.24	0.000000e+00	0.000000e+00	350.00	6
oligos_6nt_mkv4_m5	-4.4	1389	2543732	72272	2.762707e-02	2.276201e-02	59545.08	0.000000e+00	0.000000e+00	350.00	7
oligos_6nt_mkv4_m5	-4.3	1909	2545641	70363	2.689733e-02	2.229069e-02	58312.10	0.000000e+00	0.000000e+00	350.00	8
oligos_6nt_mkv4_m5	-4.2	1515	2547156	68848	2.631819e-02	2.180262e-02	57035.32	0.000000e+00	0.000000e+00	350.00	9
oligos_6nt_mkv4_m5	-4.1	1300	2548456	67548	2.582125e-02	2.125097e-02	55592.21	0.000000e+00	0.000000e+00	350.00	10
oligos_6nt_mkv4_m5	-4.0	1331	2549787	66217	2.531245e-02	2.082278e-02	54472.08	0.000000e+00	0.000000e+00	350.00	11
oligos_6nt_mkv4_m5	-3.9	1512	2551299	64705	2.473447e-02	2.031419e-02	53141.62	0.000000e+00	0.000000e+00	350.00	12
oligos_6nt_mkv4_m5	-3.8	1366	2552665	63339	2.421229e-02	1.982022e-02	51849.39	0.000000e+00	0.000000e+00	350.00	13
oligos_6nt_mkv4_m5	-3.7	1349	2554014	61990	2.369662e-02	1.935250e-02	50625.85	0.000000e+00	0.000000e+00	350.00	14
oligos_6nt_mkv4_m5	-3.6	1506	2555520	60484	2.312093e-02	1.893525e-02	49534.33	0.000000e+00	0.000000e+00	350.00	15
oligos_6nt_mkv4_m5	-3.5	1494	2557014	58990	2.254982e-02	1.844047e-02	48239.98	0.000000e+00	0.000000e+00	350.00	16
oligos_6nt_mkv4_m5	-3.4	1489	2558503	57501	2.198063e-02	1.788295e-02	46781.53	0.000000e+00	0.000000e+00	350.00	17
oligos_6nt_mkv4_m5	-3.3	1555	2560058	55946	2.138621e-02	1.736299e-02	45421.33	0.000000e+00	0.000000e+00	350.00	18
oligos_6nt_mkv4_m5	-3.2	1499	2561557	54447	2.081319e-02	1.688804e-02	44178.86	0.000000e+00	0.000000e+00	350.00	19
oligos_6nt_mkv4_m5	-3.1	1721	2563278	52726	2.015531e-02	1.635232e-02	42777.42	0.000000e+00	0.000000e+00	350.00	20
oligos_6nt_mkv4_m5	-3.0	1672	2564950	51054	1.951617e-02	1.579063e-02	41308.05	0.000000e+00	0.000000e+00	350.00	21
oligos_6nt_mkv4_m5	-2.9	1671	2566621	49383	1.887740e-02	1.517582e-02	39699.72	0.000000e+00	0.000000e+00	350.00	22
oligos_6nt_mkv4_m5	-2.8	1982	2568603	47401	1.811975e-02	1.460224e-02	38199.24	0.000000e+00	0.000000e+00	350.00	23
oligos_6nt_mkv4_m5	-2.7	1521	2570124	45880	1.753833e-02	1.401593e-02	36665.45	0.000000e+00	0.000000e+00	350.00	24
oligos_6nt_mkv4_m5	-2.6	1617	2571741	44263	1.692020e-02	1.350144e-02	35319.56	0.000000e+00	0.000000e+00	350.00	25
oligos_6nt_mkv4_m5	-2.5	1597	2573338	42666	1.630973e-02	1.293595e-02	33840.24	0.000000e+00	0.000000e+00	350.00	26
oligos_6nt_mkv4_m5	-2.4	1596	2574934	41070	1.569963e-02	1.232726e-02	32247.94	0.000000e+00	0.000000e+00	350.00	27
oligos_6nt_mkv4_m5	-2.3	1661	2576595	39409	1.506469e-02	1.176181e-02	30768.73	0.000000e+00	0.000000e+00	350.00	28
oligos_6nt_mkv4_m5	-2.2	1444	2578039	37965	1.451270e-02	1.128058e-02	29509.82	0.000000e+00	0.000000e+00	350.00	29
oligos_6nt_mkv4_m5	-2.1	1486	2579525	36479	1.394465e-02	1.076264e-02	28154.90	0.000000e+00	0.000000e+00	350.00	30
oligos_6nt_mkv4_m5	-2.0	1401	2580926	35078	1.340910e-02	1.024586e-02	26803.02	0.000000e+00	0.000000e+00	350.00	31
oligos_6nt_mkv4_m5	-1.9	1453	2582379	33625	1.285367e-02	9.751103e-03	25508.74	0.000000e+00	0.000000e+00	350.00	32
oligos_6nt_mkv4_m5	-1.8	1461	2583840	32164	1.229518e-02	9.245939e-03	24187.24	0.000000e+00	0.000000e+00	350.00	33
oligos_6nt_mkv4_m5	-1.7	1436	2585276	30728	1.174624e-02	8.807672e-03	23040.74	0.000000e+00	0.000000e+00	350.00	34
oligos_6nt_mkv4_m5	-1.6	1198	2586474	29530	1.128829e-02	8.424641e-03	22038.73	0.000000e+00	0.000000e+00	350.00	35
oligos_6nt_mkv4_m5	-1.5	1088	2587562	28442	1.087239e-02	7.990177e-03	20902.18	0.000000e+00	0.000000e+00	350.00	36
oligos_6nt_mkv4_m5	-1.4	1321	2588883	27121	1.036741e-02	7.663390e-03	20047.31	0.000000e+00	0.000000e+00	350.00	37
oligos_6nt_mkv4_m5	-1.3	1267	2590150	25854	9.883084e-03	7.284591e-03	19056.38	0.000000e+00	0.000000e+00	350.00	38
oligos_6nt_mkv4_m5	-1.2	944	2591094	24910	9.522226e-03	6.995121e-03	18299.13	0.000000e+00	0.000000e+00	350.00	39
oligos_6nt_mkv4_m5	-1.1	930	2592024	23980	9.166719e-03	6.698262e-03	17522.55	0.000000e+00	0.000000e+00	350.00	40
oligos_6nt_mkv4_m5	-1.0	774	2592798	23206	8.870846e-03	6.378141e-03	16685.12	0.000000e+00	0.000000e+00	350.00	41
oligos_6nt_mkv4_m5	-0.9	798	2593596	22408	8.565798e-03	6.138092e-03	16057.16	0.000000e+00	0.000000e+00	350.00	42
oligos_6nt_mkv4_m5	-0.8	705	2594301	21703	8.296301e-03	5.887823e-03	15402.46	0.000000e+00	0.000000e+00	350.00	43
oligos_6nt_mkv4_m5	-0.7	720	2595021	20983	8.021070e-03	5.623697e-03	14711.51	0.000000e+00	0.000000e+00	350.00	44
oligos_6nt_mkv4_m5	-0.6	676	2595697	20307	7.762659e-03	5.407711e-03	14146.49	0.000000e+00	0.000000e+00	350.00	45
oligos_6nt_mkv4_m5	-0.5	585	2596282	19722	7.539034e-03	5.207057e-03	13621.58	0.000000e+00	0.000000e+00	350.00	46
oligos_6nt_mkv4_m5	-0.4	568	2596850	19154	7.321907e-03	5.007159e-03	13098.65	0.000000e+00	0.000000e+00	350.00	47
oligos_6nt_mkv4_m5	-0.3	528	2597378	18626	7.120071e-03	4.843373e-03	12670.19	0.000000e+00	0.000000e+00	350.00	48
oligos_6nt_mkv4_m5	-0.2	459	2597837	18167	6.944612e-03	4.675440e-03	12230.88	0.000000e+00	0.000000e+00	350.00	49
oligos_6nt_mkv4_m5	-0.1	573	2598410	17594	6.725574e-03	4.523093e-03	11832.34	0.000000e+00	0.000000e+00	350.00	50
oligos_6nt_mkv4_m5	0.0	705	2599115	16889	6.456077e-03	4.361071e-03	11408.50	0.000000e+00	0.000000e+00	350.00	51
oligos_6nt_mkv4_m5	0.1	408	2599523	16481	6.300113e-03	4.228272e-03	11061.10	0.000000e+00	0.000000e+00	350.00	52
oligos_6nt_mkv4_m5	0.2	481	2600004	16000	6.116243e-03	4.089039e-03	10696.87	0.000000e+00	0.000000e+00	350.00	53
oligos_6nt_mkv4_m5	0.3	497	2600501	15503	5.926257e-03	3.971779e-03	10390.12	0.000000e+00	0.000000e+00	350.00	54
oligos_6nt_mkv4_m5	0.4	566	2601067	14937	5.709895e-03	3.856181e-03	10087.71	0.000000e+00	0.000000e+00	350.00	55
oligos_6nt_mkv4_m5	0.5	353	2601420	14584	5.574956e-03	3.758368e-03	9831.83	0.000000e+00	0.000000e+00	350.00	56
oligos_6nt_mkv4_m5	0.6	402	2601822	14182	5.421285e-03	3.655963e-03	9563.94	0.000000e+00	0.000000e+00	350.00	57
oligos_6nt_mkv4_m5	0.7	350	2602172	13832	5.287492e-03	3.558744e-03	9309.62	0.000000e+00	0.000000e+00	350.00	58
oligos_6nt_mkv4_m5	0.8	428	2602600	13404	5.123883e-03	3.475144e-03	9090.92	0.000000e+00	0.000000e+00	350.00	59
oligos_6nt_mkv4_m5	0.9	310	2602910	13094	5.005380e-03	3.376961e-03	8834.08	0.000000e+00	0.000000e+00	350.00	60
oligos_6nt_mkv4_m5	1.0	275	2603185	12819	4.900257e-03	3.297246e-03	8625.55	0.000000e+00	0.000000e+00	350.00	61
oligos_6nt_mkv4_m5	1.1	380	2603565	12439	4.754997e-03	3.226499e-03	8440.47	0.000000e+00	0.000000e+00	350.00	62
oligos_6nt_mkv4_m5	1.2	266	2603831	12173	4.653314e-03	3.127006e-03	8180.20	0.000000e+00	0.000000e+00	350.00	63
oligos_6nt_mkv4_m5	1.3	242	2604073	11931	4.560806e-03	3.038760e-03	7949.35	0.000000e+00	0.000000e+00	350.00	64
oligos_6nt_mkv4_m5	1.4	337	2604410	11594	4.431983e-03	2.980286e-03	7796.38	0.000000e+00	0.000000e+00	350.00	65
oligos_6nt_mkv4_m5	1.5	264	2604674	11330	4.331065e-03	2.880975e-03	7536.59	0.000000e+00	0.000000e+00	350.00	66
oligos_6nt_mkv4_m5	1.6	403	2605077	10927	4.177012e-03	2.799388e-03	7323.16	0.000000e+00	0.000000e+00	350.00	67
oligos_6nt_mkv4_m5	1.7	424	2605501	10503	4.014931e-03	2.699071e-03	7060.73	4.565167e-320	7.715131e-318	317.11	68
oligos_6nt_mkv4_m5	1.8	317	2605818	10186	3.893753e-03	2.603299e-03	6810.19	1.809288e-318	3.057697e-316	315.51	69
oligos_6nt_mkv4_m5	1.9	377	2606195	9809	3.749639e-03	2.489505e-03	6512.51	1.074759e-316	1.816343e-314	313.74	70
oligos_6nt_mkv4_m5	2.0	420	2606615	9389	3.589088e-03	2.374004e-03	6210.36	2.289334e-308	3.868974e-306	305.41	71
oligos_6nt_mkv4_m5	2.1	458	2607073	8931	3.414010e-03	2.254616e-03	5898.04	1.691012e-295	2.857809e-293	292.54	72
oligos_6nt_mkv4_m5	2.2	391	2607464	8540	3.264545e-03	2.136879e-03	5590.04	6.274038e-294	1.060312e-291	290.97	73
oligos_6nt_mkv4_m5	2.3	386	2607850	8154	3.116990e-03	2.016577e-03	5275.34	3.207631e-295	5.420896e-293	292.27	74
oligos_6nt_mkv4_m5	2.4	349	2608199	7805	2.983580e-03	1.908554e-03	4992.75	2.266989e-296	3.831212e-294	293.42	75
oligos_6nt_mkv4_m5	2.5	395	2608594	7410	2.832585e-03	1.784904e-03	4669.28	3.481562e-299	5.883840e-297	296.23	76
oligos_6nt_mkv4_m5	2.6	417	2609011	6993	2.673180e-03	1.655263e-03	4330.14	1.993868e-302	3.369637e-300	299.47	77
oligos_6nt_mkv4_m5	2.7	358	2609369	6635	2.536330e-03	1.549461e-03	4053.37	4.770811e-302	8.062671e-300	299.09	78
oligos_6nt_mkv4_m5	2.8	360	2609729	6275	2.398714e-03	1.451137e-03	3796.15	3.155220e-296	5.332322e-294	293.27	79
oligos_6nt_mkv4_m5	2.9	356	2610085	5919	2.262628e-03	1.334469e-03	3490.95	7.008891e-306	1.184503e-303	302.93	80
oligos_6nt_mkv4_m5	3.0	478	2610563	5441	2.079905e-03	1.235512e-03	3232.08	2.015906e-274	3.406880e-272	271.47	81
oligos_6nt_mkv4_m5	3.1	274	2610837	5167	1.975164e-03	1.133266e-03	2964.61	3.543592e-293	5.988671e-291	290.22	82
oligos_6nt_mkv4_m5	3.2	259	2611096	4908	1.876158e-03	1.044674e-03	2732.85	2.098264e-306	3.546066e-304	303.45	83
oligos_6nt_mkv4_m5	3.3	283	2611379	4625	1.767976e-03	9.693674e-04	2535.85	9.697831e-303	1.638933e-300	299.79	84
oligos_6nt_mkv4_m5	3.4	185	2611564	4440	1.697257e-03	8.988068e-04	2351.27	1.161054e-321	1.962182e-319	318.71	85
oligos_6nt_mkv4_m5	3.5	177	2611741	4263	1.629596e-03	8.324483e-04	2177.67	0.000000e+00	0.000000e+00	350.00	86
oligos_6nt_mkv4_m5	3.6	255	2611996	4008	1.532119e-03	7.718767e-04	2019.22	0.000000e+00	0.000000e+00	350.00	87
oligos_6nt_mkv4_m5	3.7	189	2612185	3819	1.459871e-03	7.203619e-04	1884.46	0.000000e+00	0.000000e+00	350.00	88
oligos_6nt_mkv4_m5	3.8	144	2612329	3675	1.404825e-03	6.805054e-04	1780.19	0.000000e+00	0.000000e+00	350.00	89
oligos_6nt_mkv4_m5	3.9	131	2612460	3544	1.354748e-03	6.408830e-04	1676.54	0.000000e+00	0.000000e+00	350.00	90
oligos_6nt_mkv4_m5	4.0	102	2612562	3442	1.315757e-03	6.054116e-04	1583.75	0.000000e+00	0.000000e+00	350.00	91
oligos_6nt_mkv4_m5	4.1	102	2612664	3340	1.276766e-03	5.724579e-04	1497.54	0.000000e+00	0.000000e+00	350.00	92
oligos_6nt_mkv4_m5	4.2	86	2612750	3254	1.243891e-03	5.450782e-04	1425.92	0.000000e+00	0.000000e+00	350.00	93
oligos_6nt_mkv4_m5	4.3	93	2612843	3161	1.208340e-03	5.170958e-04	1352.71	0.000000e+00	0.000000e+00	350.00	94
oligos_6nt_mkv4_m5	4.4	80	2612923	3081	1.177759e-03	4.945481e-04	1293.73	0.000000e+00	0.000000e+00	350.00	95
oligos_6nt_mkv4_m5	4.5	115	2613038	2966	1.133799e-03	4.745824e-04	1241.50	0.000000e+00	0.000000e+00	350.00	96
oligos_6nt_mkv4_m5	4.6	98	2613136	2868	1.096337e-03	4.510885e-04	1180.04	0.000000e+00	0.000000e+00	350.00	97
oligos_6nt_mkv4_m5	4.7	87	2613223	2781	1.063079e-03	4.345216e-04	1136.70	0.000000e+00	0.000000e+00	350.00	98
oligos_6nt_mkv4_m5	4.8	76	2613299	2705	1.034027e-03	4.169159e-04	1090.65	0.000000e+00	0.000000e+00	350.00	99
oligos_6nt_mkv4_m5	4.9	69	2613368	2636	1.007651e-03	3.988086e-04	1043.28	0.000000e+00	0.000000e+00	350.00	100
oligos_6nt_mkv4_m5	5.0	64	2613432	2572	9.831861e-04	3.830853e-04	1002.15	0.000000e+00	0.000000e+00	350.00	101
oligos_6nt_mkv4_m5	5.1	48	2613480	2524	9.648373e-04	3.647235e-04	954.11	0.000000e+00	0.000000e+00	350.00	102
oligos_6nt_mkv4_m5	5.2	61	2613541	2463	9.415192e-04	3.517197e-04	920.09	0.000000e+00	0.000000e+00	350.00	103
oligos_6nt_mkv4_m5	5.3	48	2613589	2415	9.231704e-04	3.364676e-04	880.19	0.000000e+00	0.000000e+00	350.00	104
oligos_6nt_mkv4_m5	5.4	57	2613646	2358	9.013813e-04	3.235545e-04	846.41	0.000000e+00	0.000000e+00	350.00	105
oligos_6nt_mkv4_m5	5.5	63	2613709	2295	8.772986e-04	3.134535e-04	819.99	0.000000e+00	0.000000e+00	350.00	106
oligos_6nt_mkv4_m5	5.6	49	2613758	2246	8.585676e-04	3.020380e-04	790.13	0.000000e+00	0.000000e+00	350.00	107
oligos_6nt_mkv4_m5	5.7	29	2613787	2217	8.474819e-04	2.923137e-04	764.69	0.000000e+00	0.000000e+00	350.00	108
oligos_6nt_mkv4_m5	5.8	50	2613837	2167	8.283687e-04	2.843986e-04	743.98	0.000000e+00	0.000000e+00	350.00	109
oligos_6nt_mkv4_m5	5.9	44	2613881	2123	8.115490e-04	2.764556e-04	723.20	0.000000e+00	0.000000e+00	350.00	110
oligos_6nt_mkv4_m5	6.0	29	2613910	2094	8.004633e-04	2.694193e-04	704.80	0.000000e+00	0.000000e+00	350.00	111
oligos_6nt_mkv4_m5	6.1	29	2613939	2065	7.893776e-04	2.617323e-04	684.69	0.000000e+00	0.000000e+00	350.00	112
oligos_6nt_mkv4_m5	6.2	31	2613970	2034	7.775274e-04	2.558095e-04	669.19	0.000000e+00	0.000000e+00	350.00	113
oligos_6nt_mkv4_m5	6.3	39	2614009	1995	7.626191e-04	2.474534e-04	647.33	0.000000e+00	0.000000e+00	350.00	114
oligos_6nt_mkv4_m5	6.4	35	2614044	1960	7.492398e-04	2.418722e-04	632.73	0.000000e+00	0.000000e+00	350.00	115
oligos_6nt_mkv4_m5	6.5	29	2614073	1931	7.381541e-04	2.374668e-04	621.21	0.000000e+00	0.000000e+00	350.00	116
oligos_6nt_mkv4_m5	6.6	30	2614103	1901	7.266861e-04	2.299850e-04	601.64	0.000000e+00	0.000000e+00	350.00	117
oligos_6nt_mkv4_m5	6.7	81	2614184	1820	6.957226e-04	2.218300e-04	580.30	0.000000e+00	0.000000e+00	350.00	118
oligos_6nt_mkv4_m5	6.8	37	2614221	1783	6.815788e-04	2.120597e-04	554.75	0.000000e+00	0.000000e+00	350.00	119
oligos_6nt_mkv4_m5	6.9	37	2614258	1746	6.674350e-04	2.022771e-04	529.15	0.000000e+00	0.000000e+00	350.00	120
oligos_6nt_mkv4_m5	7.0	71	2614329	1675	6.402942e-04	1.954007e-04	511.17	0.000000e+00	0.000000e+00	350.00	121
oligos_6nt_mkv4_m5	7.1	58	2614387	1617	6.181228e-04	1.846050e-04	482.92	0.000000e+00	0.000000e+00	350.00	122
oligos_6nt_mkv4_m5	7.2	57	2614444	1560	5.963337e-04	1.732005e-04	453.09	0.000000e+00	0.000000e+00	350.00	123
oligos_6nt_mkv4_m5	7.3	237	2614681	1323	5.057368e-04	1.618016e-04	423.27	1.201350e-266	2.030281e-264	263.69	124
oligos_6nt_mkv4_m5	7.4	74	2614755	1249	4.774492e-04	1.494775e-04	391.03	6.771813e-260	1.144436e-257	256.94	125
oligos_6nt_mkv4_m5	7.5	52	2614807	1197	4.575714e-04	1.355680e-04	354.64	4.061514e-269	6.863958e-267	266.16	126
oligos_6nt_mkv4_m5	7.6	127	2614934	1070	4.090238e-04	1.188995e-04	311.04	4.693477e-247	7.931976e-245	244.10	127
oligos_6nt_mkv4_m5	7.7	107	2615041	963	3.681214e-04	1.095156e-04	286.49	9.868454e-216	1.667769e-213	212.78	128
oligos_6nt_mkv4_m5	7.8	67	2615108	896	3.425096e-04	9.715458e-05	254.15	4.844390e-214	8.187020e-212	211.09	129
oligos_6nt_mkv4_m5	7.9	48	2615156	848	3.241609e-04	8.187805e-05	214.19	5.370801e-234	9.076654e-232	231.04	130
oligos_6nt_mkv4_m5	8.0	62	2615218	786	3.004604e-04	7.356017e-05	192.43	4.668554e-225	7.889855e-223	222.10	131
oligos_6nt_mkv4_m5	8.1	100	2615318	686	2.622339e-04	6.543282e-05	171.17	1.939153e-192	3.277168e-190	189.48	132
oligos_6nt_mkv4_m5	8.2	44	2615362	642	2.454143e-04	5.501871e-05	143.93	4.879998e-203	8.247196e-201	200.08	133
oligos_6nt_mkv4_m5	8.3	111	2615473	531	2.029828e-04	4.611081e-05	120.63	5.995742e-166	1.013280e-163	162.99	134
oligos_6nt_mkv4_m5	8.4	45	2615518	486	1.857809e-04	4.106756e-05	107.43	1.547760e-156	2.615715e-154	153.58	135
oligos_6nt_mkv4_m5	8.5	18	2615536	468	1.789001e-04	3.430691e-05	89.75	9.044069e-174	1.528448e-171	170.82	136
oligos_6nt_mkv4_m5	8.6	10	2615546	458	1.750775e-04	2.894928e-05	75.73	2.424277e-194	4.097028e-192	191.39	137
oligos_6nt_mkv4_m5	8.7	34	2615580	424	1.620804e-04	2.546353e-05	66.61	5.569658e-188	9.412722e-186	185.03	138
oligos_6nt_mkv4_m5	8.8	22	2615602	402	1.536706e-04	2.331454e-05	60.99	1.719413e-183	2.905809e-181	180.54	139
oligos_6nt_mkv4_m5	8.9	25	2615627	377	1.441140e-04	2.026663e-05	53.02	7.906026e-183	1.336118e-180	179.87	140
oligos_6nt_mkv4_m5	9.0	9	2615636	368	1.406736e-04	1.805328e-05	47.23	3.541383e-191	5.984937e-189	188.22	141
oligos_6nt_mkv4_m5	9.1	8	2615644	360	1.376155e-04	1.718450e-05	44.95	8.391782e-191	1.418211e-188	187.85	142
oligos_6nt_mkv4_m5	9.2	45	2615689	315	1.204135e-04	1.605153e-05	41.99	1.989658e-159	3.362522e-157	156.47	143
oligos_6nt_mkv4_m5	9.3	8	2615697	307	1.173554e-04	1.466509e-05	38.36	6.140788e-163	1.037793e-160	159.98	144
oligos_6nt_mkv4_m5	9.4	8	2615705	299	1.142973e-04	1.374977e-05	35.97	4.396080e-163	7.429375e-161	160.13	145
oligos_6nt_mkv4_m5	9.5	15	2615720	284	1.085633e-04	1.263150e-05	33.04	1.231637e-158	2.081467e-156	155.68	146
oligos_6nt_mkv4_m5	9.6	5	2615725	279	1.066520e-04	1.153343e-05	30.17	9.340158e-164	1.578487e-161	160.80	147
oligos_6nt_mkv4_m5	9.7	9	2615734	270	1.032116e-04	1.023649e-05	26.78	1.228151e-167	2.075575e-165	164.68	148
oligos_6nt_mkv4_m5	9.8	13	2615747	257	9.824215e-05	9.016659e-06	23.59	1.693872e-167	2.862644e-165	164.54	149
oligos_6nt_mkv4_m5	9.9	18	2615765	239	9.136138e-05	7.767535e-06	20.32	3.741508e-163	6.323149e-161	160.20	150
oligos_6nt_mkv4_m5	10.0	27	2615792	212	8.104022e-05	6.714851e-06	17.57	3.986853e-147	6.737782e-145	144.17	151
oligos_6nt_mkv4_m5	10.1	28	2615820	184	7.033679e-05	5.738279e-06	15.01	4.244189e-129	7.172679e-127	126.14	152
oligos_6nt_mkv4_m5	10.2	27	2615847	157	6.001563e-05	4.718584e-06	12.34	9.133742e-113	1.543602e-110	109.81	153
oligos_6nt_mkv4_m5	10.3	24	2615871	133	5.084127e-05	3.680026e-06	9.63	3.030186e-100	5.121014e-98	97.29	154
oligos_6nt_mkv4_m5	10.4	7	2615878	126	4.816541e-05	2.956781e-06	7.73	1.725897e-103	2.916766e-101	100.54	155
oligos_6nt_mkv4_m5	10.5	81	2615959	45	1.720193e-05	2.444329e-06	6.39	2.955137e-23	4.994182e-21	20.30	156
oligos_6nt_mkv4_m5	10.6	4	2615963	41	1.567287e-05	1.892450e-06	4.95	7.257309e-24	1.226485e-21	20.91	157
oligos_6nt_mkv4_m5	10.7	4	2615967	37	1.414381e-05	1.372509e-06	3.59	7.680882e-25	1.298069e-22	21.89	158
oligos_6nt_mkv4_m5	10.8	3	2615970	34	1.299702e-05	9.046761e-07	2.37	1.789175e-27	3.023706e-25	24.52	159
oligos_6nt_mkv4_m5	10.9	2	2615972	32	1.223249e-05	6.472957e-07	1.69	1.537490e-29	2.598358e-27	26.59	160
oligos_6nt_mkv4_m5	11.0	3	2615975	29	1.108569e-05	5.102112e-07	1.33	1.347879e-28	2.277916e-26	25.64	161
oligos_6nt_mkv4_m5	11.1	6	2615981	23	8.792099e-06	3.793299e-07	0.99	1.252614e-23	2.116917e-21	20.67	162
oligos_6nt_mkv4_m5	11.4	1	2615982	22	8.409834e-06	2.666752e-07	0.70	1.656454e-25	2.799407e-23	22.55	163
oligos_6nt_mkv4_m5	11.6	1	2615983	21	8.027569e-06	2.488763e-07	0.65	1.282021e-24	2.166616e-22	21.66	164
oligos_6nt_mkv4_m5	11.8	2	2615985	19	7.263039e-06	1.948551e-07	0.51	1.394095e-23	2.356020e-21	20.63	165
oligos_6nt_mkv4_m5	12.1	3	2615988	16	6.116243e-06	1.466344e-07	0.38	7.321630e-21	1.237355e-18	17.91	166
oligos_6nt_mkv4_m5	12.2	14	2616002	2	7.645304e-07	1.216316e-07	0.32	4.106266e-02	6.939590e+00	-0.84	167
oligos_6nt_mkv4_m5	12.3	1	2616003	1	3.822652e-07	8.843093e-08	0.23	2.065256e-01	3.490282e+01	-1.54	168
oligos_6nt_mkv4_m5	12.7	1	2616004	0	0.000000e+00	1.394140e-08	0.04	1.000000e+00	1.690000e+02	-2.23	169
; Number of sequences scanned	7041
; Sum of sequence lengths	1476646
; N residues           	103394
; Matches per matrix
;	matrix	name              	matches	scored
;	1	oligos_6nt_mkv4_m5	2615985	2615985
;		TOTAL          	2615985	2615985
; Host name	biow
; Job started	2014-10-08.084619
; Job done	2014-10-08.084624
; Seconds	2.63
;	user	2.63
;	system	0.03
;	cuser	0.28
;	csystem	0.02
