; matrix-scan  -v 1 -quick -seq_format fasta -i $RSAT/public_html/tmp/apache/2014/10/08/peak-motifs.2014-10-08.083939_2014-10-08.083939_hIGyA6/data/sequences/peak-motifs_test.fasta -matrix_format transfac -m $RSAT/public_html/tmp/apache/2014/10/08/peak-motifs.2014-10-08.083939_2014-10-08.083939_hIGyA6/results/discovered_motifs/positions_7nt_m2/peak-motifs_positions_7nt_m2.tf -pseudo 1 -2str -decimals 1 -bg_pseudo 0.01 -n score -lth score -5 -bginput -markov 1 -return distrib -return occ_proba -o $RSAT/public_html/tmp/apache/2014/10/08/peak-motifs.2014-10-08.083939_2014-10-08.083939_hIGyA6/results/discovered_motifs/positions_7nt_m2/peak-motifs_positions_7nt_m2_scan_mkv1_enrichment.tab
; Quick counting mode          
; Input files
;	input	/vh/rsat/rsat/public_html/tmp/apache/2014/10/08/peak-motifs.2014-10-08.083939_2014-10-08.083939_hIGyA6/data/sequences/peak-motifs_test.fasta
; Matrix files
;	matrix 1	/vh/rsat/rsat/public_html/tmp/apache/2014/10/08/peak-motifs.2014-10-08.083939_2014-10-08.083939_hIGyA6/results/discovered_motifs/positions_7nt_m2/peak-motifs_positions_7nt_m2.tf
; Sequence format      	fasta
; Output files
;	output	/vh/rsat/rsat/public_html/tmp/apache/2014/10/08/peak-motifs.2014-10-08.083939_2014-10-08.083939_hIGyA6/results/discovered_motifs/positions_7nt_m2/peak-motifs_positions_7nt_m2_scan_mkv1_enrichment.tab
; Pseudo counts        	1
; Background model
;	Method        	input
;	Markov order  	1
;	Strand        	undef
;	Background pseudo-frequency	0.01
;	Residue probabilities
;		a	0.29701
;		c	0.20351
;		g	0.20377
;		t	0.29571
; Thresholds	lower	upper
;	score 	-5   	NA
;
; Matrices
;	matrix	name            	ncol	nrow	pseudo	Wmin	Wmax	Wrange
;	1	positions_7nt_m2	11	4	1	-29.800	8.600	38.400	a:0.297 c:0.204 g:0.204 t:0.296 
;
; Score distribution
#matrix	score	occ	occ_cum	inv_cum	inv_cum_freq	occ_prior	exp_occ	occ_Pval	occ_Eval	occ_sig	occ_sig_rank
positions_7nt_m2	-5.0	4653	2361982	254022	9.710499e-02	6.198729e-02	162155.77	0.000000e+00	0.000000e+00	350.00	1
positions_7nt_m2	-4.9	5520	2367502	248502	9.499486e-02	6.065741e-02	158676.88	0.000000e+00	0.000000e+00	350.00	2
positions_7nt_m2	-4.8	7067	2374569	241435	9.229336e-02	5.915957e-02	154758.59	0.000000e+00	0.000000e+00	350.00	3
positions_7nt_m2	-4.7	7634	2382203	233801	8.937511e-02	5.687893e-02	148792.55	0.000000e+00	0.000000e+00	350.00	4
positions_7nt_m2	-4.6	8080	2390283	225721	8.628637e-02	5.450964e-02	142594.60	0.000000e+00	0.000000e+00	350.00	5
positions_7nt_m2	-4.5	9260	2399543	216461	8.274655e-02	5.214310e-02	136403.85	0.000000e+00	0.000000e+00	350.00	6
positions_7nt_m2	-4.4	8800	2408343	207661	7.938257e-02	4.892489e-02	127985.17	0.000000e+00	0.000000e+00	350.00	7
positions_7nt_m2	-4.3	7571	2415914	200090	7.648841e-02	4.643562e-02	121473.34	0.000000e+00	0.000000e+00	350.00	8
positions_7nt_m2	-4.2	7452	2423366	192638	7.363973e-02	4.387481e-02	114774.41	0.000000e+00	0.000000e+00	350.00	9
positions_7nt_m2	-4.1	5708	2429074	186930	7.145773e-02	4.129493e-02	108025.55	0.000000e+00	0.000000e+00	350.00	10
positions_7nt_m2	-4.0	4373	2433447	182557	6.978607e-02	3.940666e-02	103085.93	0.000000e+00	0.000000e+00	350.00	11
positions_7nt_m2	-3.9	3938	2437385	178619	6.828069e-02	3.771562e-02	98662.26	0.000000e+00	0.000000e+00	350.00	12
positions_7nt_m2	-3.8	3074	2440459	175545	6.710559e-02	3.645048e-02	95352.72	0.000000e+00	0.000000e+00	350.00	13
positions_7nt_m2	-3.7	2352	2442811	173193	6.620649e-02	3.546076e-02	92763.65	0.000000e+00	0.000000e+00	350.00	14
positions_7nt_m2	-3.6	1807	2444618	171386	6.551573e-02	3.480502e-02	91048.26	0.000000e+00	0.000000e+00	350.00	15
positions_7nt_m2	-3.5	1852	2446470	169534	6.480776e-02	3.416271e-02	89368.00	0.000000e+00	0.000000e+00	350.00	16
positions_7nt_m2	-3.4	1930	2448400	167604	6.406998e-02	3.356094e-02	87793.81	0.000000e+00	0.000000e+00	350.00	17
positions_7nt_m2	-3.3	3545	2451945	164059	6.271484e-02	3.291339e-02	86099.84	0.000000e+00	0.000000e+00	350.00	18
positions_7nt_m2	-3.2	4025	2455970	160034	6.117620e-02	3.219152e-02	84211.46	0.000000e+00	0.000000e+00	350.00	19
positions_7nt_m2	-3.1	5738	2461708	154296	5.898273e-02	3.120903e-02	81641.32	0.000000e+00	0.000000e+00	350.00	20
positions_7nt_m2	-3.0	7808	2469516	146488	5.599797e-02	2.994055e-02	78323.04	0.000000e+00	0.000000e+00	350.00	21
positions_7nt_m2	-2.9	7256	2476772	139232	5.322422e-02	2.817315e-02	73699.60	0.000000e+00	0.000000e+00	350.00	22
positions_7nt_m2	-2.8	9634	2486406	129598	4.954143e-02	2.638797e-02	69029.65	0.000000e+00	0.000000e+00	350.00	23
positions_7nt_m2	-2.7	8972	2495378	120626	4.611170e-02	2.452895e-02	64166.56	0.000000e+00	0.000000e+00	350.00	24
positions_7nt_m2	-2.6	6631	2502009	113995	4.357687e-02	2.288577e-02	59868.07	0.000000e+00	0.000000e+00	350.00	25
positions_7nt_m2	-2.5	5111	2507120	108884	4.162309e-02	2.123498e-02	55549.68	0.000000e+00	0.000000e+00	350.00	26
positions_7nt_m2	-2.4	4108	2511228	104776	4.005272e-02	1.978609e-02	51759.47	0.000000e+00	0.000000e+00	350.00	27
positions_7nt_m2	-2.3	2685	2513913	102091	3.902633e-02	1.870512e-02	48931.68	0.000000e+00	0.000000e+00	350.00	28
positions_7nt_m2	-2.2	1500	2515413	100591	3.845292e-02	1.803528e-02	47179.44	0.000000e+00	0.000000e+00	350.00	29
positions_7nt_m2	-2.1	1069	2516482	99522	3.804428e-02	1.753167e-02	45862.02	0.000000e+00	0.000000e+00	350.00	30
positions_7nt_m2	-2.0	1052	2517534	98470	3.764213e-02	1.716700e-02	44908.06	0.000000e+00	0.000000e+00	350.00	31
positions_7nt_m2	-1.9	1168	2518702	97302	3.719564e-02	1.687658e-02	44148.31	0.000000e+00	0.000000e+00	350.00	32
positions_7nt_m2	-1.8	1394	2520096	95908	3.666275e-02	1.658562e-02	43387.19	0.000000e+00	0.000000e+00	350.00	33
positions_7nt_m2	-1.7	1432	2521528	94476	3.611534e-02	1.627714e-02	42580.22	0.000000e+00	0.000000e+00	350.00	34
positions_7nt_m2	-1.6	2873	2524401	91603	3.501708e-02	1.595829e-02	41746.11	0.000000e+00	0.000000e+00	350.00	35
positions_7nt_m2	-1.5	2987	2527388	88616	3.387524e-02	1.541939e-02	40336.38	0.000000e+00	0.000000e+00	350.00	36
positions_7nt_m2	-1.4	3359	2530747	85257	3.259119e-02	1.484294e-02	38828.43	0.000000e+00	0.000000e+00	350.00	37
positions_7nt_m2	-1.3	4172	2534919	81085	3.099636e-02	1.403459e-02	36713.80	0.000000e+00	0.000000e+00	350.00	38
positions_7nt_m2	-1.2	4361	2539280	76724	2.932928e-02	1.328564e-02	34754.59	0.000000e+00	0.000000e+00	350.00	39
positions_7nt_m2	-1.1	4341	2543621	72383	2.766985e-02	1.234687e-02	32298.83	0.000000e+00	0.000000e+00	350.00	40
positions_7nt_m2	-1.0	4271	2547892	68112	2.603717e-02	1.137208e-02	29748.81	0.000000e+00	0.000000e+00	350.00	41
positions_7nt_m2	-0.9	3541	2551433	64571	2.468356e-02	1.064708e-02	27852.24	0.000000e+00	0.000000e+00	350.00	42
positions_7nt_m2	-0.8	3041	2554474	61530	2.352107e-02	9.847145e-03	25759.66	0.000000e+00	0.000000e+00	350.00	43
positions_7nt_m2	-0.7	2394	2556868	59136	2.260592e-02	9.061058e-03	23703.29	0.000000e+00	0.000000e+00	350.00	44
positions_7nt_m2	-0.6	2318	2559186	56818	2.171982e-02	8.548352e-03	22362.08	0.000000e+00	0.000000e+00	350.00	45
positions_7nt_m2	-0.5	1649	2560835	55169	2.108945e-02	8.079601e-03	21135.85	0.000000e+00	0.000000e+00	350.00	46
positions_7nt_m2	-0.4	1150	2561985	54019	2.064984e-02	7.700593e-03	20144.38	0.000000e+00	0.000000e+00	350.00	47
positions_7nt_m2	-0.3	970	2562955	53049	2.027904e-02	7.474771e-03	19553.64	0.000000e+00	0.000000e+00	350.00	48
positions_7nt_m2	-0.2	1137	2564092	51912	1.984440e-02	7.278932e-03	19041.34	0.000000e+00	0.000000e+00	350.00	49
positions_7nt_m2	-0.1	864	2564956	51048	1.951412e-02	7.096649e-03	18564.49	0.000000e+00	0.000000e+00	350.00	50
positions_7nt_m2	0.0	773	2565729	50275	1.921862e-02	6.928785e-03	18125.37	0.000000e+00	0.000000e+00	350.00	51
positions_7nt_m2	0.1	1250	2566979	49025	1.874079e-02	6.744517e-03	17643.33	0.000000e+00	0.000000e+00	350.00	52
positions_7nt_m2	0.2	1546	2568525	47479	1.814980e-02	6.490229e-03	16978.13	0.000000e+00	0.000000e+00	350.00	53
positions_7nt_m2	0.3	2253	2570778	45226	1.728854e-02	6.158222e-03	16109.61	0.000000e+00	0.000000e+00	350.00	54
positions_7nt_m2	0.4	2460	2573238	42766	1.634816e-02	5.759569e-03	15066.76	0.000000e+00	0.000000e+00	350.00	55
positions_7nt_m2	0.5	2037	2575275	40729	1.556948e-02	5.431754e-03	14209.21	0.000000e+00	0.000000e+00	350.00	56
positions_7nt_m2	0.6	2208	2577483	38521	1.472542e-02	5.005154e-03	13093.24	0.000000e+00	0.000000e+00	350.00	57
positions_7nt_m2	0.7	2197	2579680	36324	1.388558e-02	4.581938e-03	11986.13	0.000000e+00	0.000000e+00	350.00	58
positions_7nt_m2	0.8	1144	2580824	35180	1.344826e-02	4.230153e-03	11065.88	0.000000e+00	0.000000e+00	350.00	59
positions_7nt_m2	0.9	1070	2581894	34110	1.303923e-02	3.915273e-03	10242.17	0.000000e+00	0.000000e+00	350.00	60
positions_7nt_m2	1.0	969	2582863	33141	1.266881e-02	3.714336e-03	9716.53	0.000000e+00	0.000000e+00	350.00	61
positions_7nt_m2	1.1	623	2583486	32518	1.243066e-02	3.551436e-03	9290.39	0.000000e+00	0.000000e+00	350.00	62
positions_7nt_m2	1.2	567	2584053	31951	1.221391e-02	3.403077e-03	8902.29	0.000000e+00	0.000000e+00	350.00	63
positions_7nt_m2	1.3	596	2584649	31355	1.198608e-02	3.305840e-03	8647.92	0.000000e+00	0.000000e+00	350.00	64
positions_7nt_m2	1.4	516	2585165	30839	1.178882e-02	3.219759e-03	8422.73	0.000000e+00	0.000000e+00	350.00	65
positions_7nt_m2	1.5	479	2585644	30360	1.160572e-02	3.129579e-03	8186.83	0.000000e+00	0.000000e+00	350.00	66
positions_7nt_m2	1.6	513	2586157	29847	1.140961e-02	3.066286e-03	8021.26	0.000000e+00	0.000000e+00	350.00	67
positions_7nt_m2	1.7	684	2586841	29163	1.114814e-02	2.977522e-03	7789.05	0.000000e+00	0.000000e+00	350.00	68
positions_7nt_m2	1.8	1055	2587896	28108	1.074485e-02	2.874391e-03	7519.27	0.000000e+00	0.000000e+00	350.00	69
positions_7nt_m2	1.9	1026	2588922	27082	1.035264e-02	2.738179e-03	7162.94	0.000000e+00	0.000000e+00	350.00	70
positions_7nt_m2	2.0	1504	2590426	25578	9.777702e-03	2.581496e-03	6753.07	0.000000e+00	0.000000e+00	350.00	71
positions_7nt_m2	2.1	2022	2592448	23556	9.004752e-03	2.403606e-03	6287.72	0.000000e+00	0.000000e+00	350.00	72
positions_7nt_m2	2.2	1833	2594281	21723	8.304051e-03	2.201331e-03	5758.58	0.000000e+00	0.000000e+00	350.00	73
positions_7nt_m2	2.3	1384	2595665	20339	7.774990e-03	1.995587e-03	5220.36	0.000000e+00	0.000000e+00	350.00	74
positions_7nt_m2	2.4	1426	2597091	18913	7.229873e-03	1.844964e-03	4826.34	0.000000e+00	0.000000e+00	350.00	75
positions_7nt_m2	2.5	1280	2598371	17633	6.740567e-03	1.657238e-03	4335.25	0.000000e+00	0.000000e+00	350.00	76
positions_7nt_m2	2.6	1140	2599511	16493	6.304779e-03	1.482134e-03	3877.19	0.000000e+00	0.000000e+00	350.00	77
positions_7nt_m2	2.7	749	2600260	15744	6.018459e-03	1.349983e-03	3531.49	0.000000e+00	0.000000e+00	350.00	78
positions_7nt_m2	2.8	574	2600834	15170	5.799036e-03	1.260451e-03	3297.28	0.000000e+00	0.000000e+00	350.00	79
positions_7nt_m2	2.9	425	2601259	14745	5.636571e-03	1.176567e-03	3077.84	0.000000e+00	0.000000e+00	350.00	80
positions_7nt_m2	3.0	234	2601493	14511	5.547120e-03	1.116462e-03	2920.61	0.000000e+00	0.000000e+00	350.00	81
positions_7nt_m2	3.1	148	2601641	14363	5.490544e-03	1.083708e-03	2834.93	0.000000e+00	0.000000e+00	350.00	82
positions_7nt_m2	3.2	244	2601885	14119	5.397270e-03	1.062514e-03	2779.48	0.000000e+00	0.000000e+00	350.00	83
positions_7nt_m2	3.3	220	2602105	13899	5.313171e-03	1.032123e-03	2699.98	0.000000e+00	0.000000e+00	350.00	84
positions_7nt_m2	3.4	293	2602398	13606	5.201166e-03	1.002036e-03	2621.28	0.000000e+00	0.000000e+00	350.00	85
positions_7nt_m2	3.5	310	2602708	13296	5.082662e-03	9.677284e-04	2531.53	0.000000e+00	0.000000e+00	350.00	86
positions_7nt_m2	3.6	544	2603252	12752	4.874707e-03	9.138094e-04	2390.48	0.000000e+00	0.000000e+00	350.00	87
positions_7nt_m2	3.7	518	2603770	12234	4.676691e-03	8.494788e-04	2222.20	0.000000e+00	0.000000e+00	350.00	88
positions_7nt_m2	3.8	510	2604280	11724	4.481734e-03	7.926165e-04	2073.45	0.000000e+00	0.000000e+00	350.00	89
positions_7nt_m2	3.9	469	2604749	11255	4.302449e-03	7.436362e-04	1945.32	0.000000e+00	0.000000e+00	350.00	90
positions_7nt_m2	4.0	399	2605148	10856	4.149923e-03	6.786228e-04	1775.24	0.000000e+00	0.000000e+00	350.00	91
positions_7nt_m2	4.1	473	2605621	10383	3.969110e-03	6.157473e-04	1610.77	0.000000e+00	0.000000e+00	350.00	92
positions_7nt_m2	4.2	593	2606214	9790	3.742423e-03	5.770419e-04	1509.51	0.000000e+00	0.000000e+00	350.00	93
positions_7nt_m2	4.3	544	2606758	9246	3.534469e-03	5.320589e-04	1391.84	0.000000e+00	0.000000e+00	350.00	94
positions_7nt_m2	4.4	446	2607204	8800	3.363976e-03	4.917551e-04	1286.41	0.000000e+00	0.000000e+00	350.00	95
positions_7nt_m2	4.5	241	2607445	8559	3.271849e-03	4.584747e-04	1199.35	0.000000e+00	0.000000e+00	350.00	96
positions_7nt_m2	4.6	340	2607785	8219	3.141877e-03	4.318300e-04	1129.65	0.000000e+00	0.000000e+00	350.00	97
positions_7nt_m2	4.7	239	2608024	7980	3.050515e-03	4.126981e-04	1079.60	0.000000e+00	0.000000e+00	350.00	98
positions_7nt_m2	4.8	179	2608203	7801	2.982088e-03	3.920159e-04	1025.49	0.000000e+00	0.000000e+00	350.00	99
positions_7nt_m2	4.9	285	2608488	7516	2.873141e-03	3.761343e-04	983.95	0.000000e+00	0.000000e+00	350.00	100
positions_7nt_m2	5.0	266	2608754	7250	2.771458e-03	3.638304e-04	951.76	0.000000e+00	0.000000e+00	350.00	101
positions_7nt_m2	5.1	197	2608951	7053	2.696150e-03	3.459313e-04	904.94	0.000000e+00	0.000000e+00	350.00	102
positions_7nt_m2	5.2	249	2609200	6804	2.600965e-03	3.263241e-04	853.65	0.000000e+00	0.000000e+00	350.00	103
positions_7nt_m2	5.3	207	2609407	6597	2.521835e-03	3.035810e-04	794.15	0.000000e+00	0.000000e+00	350.00	104
positions_7nt_m2	5.4	357	2609764	6240	2.385365e-03	2.835034e-04	741.63	0.000000e+00	0.000000e+00	350.00	105
positions_7nt_m2	5.5	316	2610080	5924	2.264568e-03	2.592256e-04	678.12	0.000000e+00	0.000000e+00	350.00	106
positions_7nt_m2	5.6	251	2610331	5673	2.168618e-03	2.298580e-04	601.30	0.000000e+00	0.000000e+00	350.00	107
positions_7nt_m2	5.7	250	2610581	5423	2.073050e-03	2.095423e-04	548.15	0.000000e+00	0.000000e+00	350.00	108
positions_7nt_m2	5.8	288	2610869	5135	1.962957e-03	1.868266e-04	488.73	0.000000e+00	0.000000e+00	350.00	109
positions_7nt_m2	5.9	194	2611063	4941	1.888796e-03	1.624793e-04	425.04	0.000000e+00	0.000000e+00	350.00	110
positions_7nt_m2	6.0	122	2611185	4819	1.842159e-03	1.455822e-04	380.84	0.000000e+00	0.000000e+00	350.00	111
positions_7nt_m2	6.1	98	2611283	4721	1.804697e-03	1.321027e-04	345.57	0.000000e+00	0.000000e+00	350.00	112
positions_7nt_m2	6.2	94	2611377	4627	1.768763e-03	1.268354e-04	331.80	0.000000e+00	0.000000e+00	350.00	113
positions_7nt_m2	6.3	118	2611495	4509	1.723655e-03	1.212457e-04	317.17	0.000000e+00	0.000000e+00	350.00	114
positions_7nt_m2	6.4	84	2611579	4425	1.691545e-03	1.164952e-04	304.75	0.000000e+00	0.000000e+00	350.00	115
positions_7nt_m2	6.5	54	2611633	4371	1.670902e-03	1.138637e-04	297.86	0.000000e+00	0.000000e+00	350.00	116
positions_7nt_m2	6.6	109	2611742	4262	1.629235e-03	1.099203e-04	287.55	0.000000e+00	0.000000e+00	350.00	117
positions_7nt_m2	6.7	82	2611824	4180	1.597889e-03	1.048926e-04	274.39	0.000000e+00	0.000000e+00	350.00	118
positions_7nt_m2	6.8	186	2612010	3994	1.526786e-03	1.005575e-04	263.05	0.000000e+00	0.000000e+00	350.00	119
positions_7nt_m2	6.9	91	2612101	3903	1.492000e-03	9.605477e-05	251.27	0.000000e+00	0.000000e+00	350.00	120
positions_7nt_m2	7.0	163	2612264	3740	1.429690e-03	8.959670e-05	234.38	0.000000e+00	0.000000e+00	350.00	121
positions_7nt_m2	7.1	309	2612573	3431	1.311568e-03	8.218842e-05	215.00	0.000000e+00	0.000000e+00	350.00	122
positions_7nt_m2	7.2	319	2612892	3112	1.189624e-03	7.669579e-05	200.63	0.000000e+00	0.000000e+00	350.00	123
positions_7nt_m2	7.3	180	2613072	2932	1.120816e-03	6.960348e-05	182.08	0.000000e+00	0.000000e+00	350.00	124
positions_7nt_m2	7.4	139	2613211	2793	1.067680e-03	6.223734e-05	162.81	0.000000e+00	0.000000e+00	350.00	125
positions_7nt_m2	7.5	178	2613389	2615	9.996361e-04	5.554542e-05	145.30	0.000000e+00	0.000000e+00	350.00	126
positions_7nt_m2	7.6	170	2613559	2445	9.346502e-04	4.817440e-05	126.02	0.000000e+00	0.000000e+00	350.00	127
positions_7nt_m2	7.7	173	2613732	2272	8.685175e-04	4.330132e-05	113.27	0.000000e+00	0.000000e+00	350.00	128
positions_7nt_m2	7.8	155	2613887	2117	8.092656e-04	3.738857e-05	97.81	0.000000e+00	0.000000e+00	350.00	129
positions_7nt_m2	7.9	165	2614052	1952	7.461911e-04	3.309831e-05	86.58	0.000000e+00	0.000000e+00	350.00	130
positions_7nt_m2	8.0	102	2614154	1850	7.071995e-04	3.078068e-05	80.52	0.000000e+00	0.000000e+00	350.00	131
positions_7nt_m2	8.1	67	2614221	1783	6.815874e-04	2.766845e-05	72.38	0.000000e+00	0.000000e+00	350.00	132
positions_7nt_m2	8.2	32	2614253	1751	6.693548e-04	2.538418e-05	66.40	0.000000e+00	0.000000e+00	350.00	133
positions_7nt_m2	8.3	25	2614278	1726	6.597980e-04	2.427540e-05	63.50	0.000000e+00	0.000000e+00	350.00	134
positions_7nt_m2	8.4	28	2614306	1698	6.490945e-04	2.370411e-05	62.01	0.000000e+00	0.000000e+00	350.00	135
positions_7nt_m2	8.5	73	2614379	1625	6.211888e-04	2.239256e-05	58.58	0.000000e+00	0.000000e+00	350.00	136
positions_7nt_m2	8.6	35	2614414	1590	6.078093e-04	2.083875e-05	54.51	0.000000e+00	0.000000e+00	350.00	137
positions_7nt_m2	8.7	43	2614457	1547	5.913717e-04	1.940472e-05	50.76	0.000000e+00	0.000000e+00	350.00	138
positions_7nt_m2	8.8	61	2614518	1486	5.680532e-04	1.827472e-05	47.81	0.000000e+00	0.000000e+00	350.00	139
positions_7nt_m2	8.9	52	2614570	1434	5.481752e-04	1.589667e-05	41.58	0.000000e+00	0.000000e+00	350.00	140
positions_7nt_m2	9.0	66	2614636	1368	5.229454e-04	1.428966e-05	37.38	0.000000e+00	0.000000e+00	350.00	141
positions_7nt_m2	9.1	34	2614670	1334	5.099482e-04	1.313273e-05	34.35	0.000000e+00	0.000000e+00	350.00	142
positions_7nt_m2	9.2	51	2614721	1283	4.904524e-04	1.188026e-05	31.08	0.000000e+00	0.000000e+00	350.00	143
positions_7nt_m2	9.3	53	2614774	1230	4.701921e-04	1.082830e-05	28.33	0.000000e+00	0.000000e+00	350.00	144
positions_7nt_m2	9.4	68	2614842	1162	4.441978e-04	9.820463e-06	25.69	0.000000e+00	0.000000e+00	350.00	145
positions_7nt_m2	9.5	84	2614926	1078	4.120871e-04	9.186647e-06	24.03	0.000000e+00	0.000000e+00	350.00	146
positions_7nt_m2	9.6	30	2614956	1048	4.006190e-04	8.538123e-06	22.34	0.000000e+00	0.000000e+00	350.00	147
positions_7nt_m2	9.7	54	2615010	994	3.799764e-04	7.846397e-06	20.53	0.000000e+00	0.000000e+00	350.00	148
positions_7nt_m2	9.8	83	2615093	911	3.482480e-04	7.430130e-06	19.44	0.000000e+00	0.000000e+00	350.00	149
positions_7nt_m2	9.9	30	2615123	881	3.367799e-04	6.887837e-06	18.02	0.000000e+00	0.000000e+00	350.00	150
positions_7nt_m2	10.0	49	2615172	832	3.180486e-04	6.370155e-06	16.66	0.000000e+00	0.000000e+00	350.00	151
positions_7nt_m2	10.1	31	2615203	801	3.061983e-04	6.007433e-06	15.72	0.000000e+00	0.000000e+00	350.00	152
positions_7nt_m2	10.2	21	2615224	780	2.981706e-04	5.567608e-06	14.56	0.000000e+00	0.000000e+00	350.00	153
positions_7nt_m2	10.3	22	2615246	758	2.897607e-04	5.168141e-06	13.52	0.000000e+00	0.000000e+00	350.00	154
positions_7nt_m2	10.4	40	2615286	718	2.744699e-04	4.659008e-06	12.19	0.000000e+00	0.000000e+00	350.00	155
positions_7nt_m2	10.5	24	2615310	694	2.652954e-04	4.139259e-06	10.83	0.000000e+00	0.000000e+00	350.00	156
positions_7nt_m2	10.6	54	2615364	640	2.446528e-04	3.895015e-06	10.19	0.000000e+00	0.000000e+00	350.00	157
positions_7nt_m2	10.7	35	2615399	605	2.312734e-04	3.333714e-06	8.72	0.000000e+00	0.000000e+00	350.00	158
positions_7nt_m2	10.8	24	2615423	581	2.220989e-04	2.720239e-06	7.12	0.000000e+00	0.000000e+00	350.00	159
positions_7nt_m2	10.9	29	2615452	552	2.110130e-04	2.138918e-06	5.60	0.000000e+00	0.000000e+00	350.00	160
positions_7nt_m2	11.0	29	2615481	523	1.999272e-04	1.869713e-06	4.89	0.000000e+00	0.000000e+00	350.00	161
positions_7nt_m2	11.1	2	2615483	521	1.991627e-04	1.562988e-06	4.09	0.000000e+00	0.000000e+00	350.00	162
positions_7nt_m2	11.2	10	2615493	511	1.953400e-04	1.260297e-06	3.30	0.000000e+00	0.000000e+00	350.00	163
positions_7nt_m2	11.3	15	2615508	496	1.896059e-04	1.111975e-06	2.91	0.000000e+00	0.000000e+00	350.00	164
positions_7nt_m2	11.4	13	2615521	483	1.846364e-04	1.061305e-06	2.78	0.000000e+00	0.000000e+00	350.00	165
positions_7nt_m2	11.5	5	2615526	478	1.827251e-04	9.982058e-07	2.61	0.000000e+00	0.000000e+00	350.00	166
positions_7nt_m2	11.6	9	2615535	469	1.792846e-04	9.535868e-07	2.49	0.000000e+00	0.000000e+00	350.00	167
positions_7nt_m2	11.7	13	2615548	456	1.743151e-04	9.143308e-07	2.39	0.000000e+00	0.000000e+00	350.00	168
positions_7nt_m2	11.8	12	2615560	444	1.697279e-04	8.607471e-07	2.25	0.000000e+00	0.000000e+00	350.00	169
positions_7nt_m2	11.9	16	2615576	428	1.636116e-04	8.109292e-07	2.12	0.000000e+00	0.000000e+00	350.00	170
positions_7nt_m2	12.0	64	2615640	364	1.391463e-04	7.602752e-07	1.99	0.000000e+00	0.000000e+00	350.00	171
positions_7nt_m2	12.1	12	2615652	352	1.345590e-04	7.281566e-07	1.90	0.000000e+00	0.000000e+00	350.00	172
positions_7nt_m2	12.2	16	2615668	336	1.284427e-04	6.703500e-07	1.75	0.000000e+00	0.000000e+00	350.00	173
positions_7nt_m2	12.3	30	2615698	306	1.169746e-04	6.028905e-07	1.58	0.000000e+00	0.000000e+00	350.00	174
positions_7nt_m2	12.4	42	2615740	264	1.009193e-04	5.612498e-07	1.47	0.000000e+00	0.000000e+00	350.00	175
positions_7nt_m2	12.5	6	2615746	258	9.862566e-05	4.714462e-07	1.23	0.000000e+00	0.000000e+00	350.00	176
positions_7nt_m2	12.6	20	2615766	238	9.098026e-05	4.217672e-07	1.10	0.000000e+00	0.000000e+00	350.00	177
positions_7nt_m2	12.7	28	2615794	210	8.027670e-05	3.396973e-07	0.89	0.000000e+00	0.000000e+00	350.00	178
positions_7nt_m2	12.8	19	2615813	191	7.301357e-05	2.821612e-07	0.74	0.000000e+00	0.000000e+00	350.00	179
positions_7nt_m2	12.9	19	2615832	172	6.575044e-05	2.395701e-07	0.63	0.000000e+00	0.000000e+00	350.00	180
positions_7nt_m2	13.0	47	2615879	125	4.778375e-05	1.637024e-07	0.43	3.162665e-256	6.451836e-254	253.19	181
positions_7nt_m2	13.1	13	2615892	112	4.281424e-05	1.271164e-07	0.33	1.012681e-236	2.065870e-234	233.68	182
positions_7nt_m2	13.2	10	2615902	102	3.899154e-05	9.271403e-08	0.24	1.442075e-225	2.941832e-223	222.53	183
positions_7nt_m2	13.3	4	2615906	98	3.746246e-05	5.891443e-08	0.15	2.333625e-234	4.760595e-232	231.32	184
positions_7nt_m2	13.4	2	2615908	96	3.669792e-05	4.474050e-08	0.12	3.253177e-240	6.636482e-238	237.18	185
positions_7nt_m2	13.5	1	2615909	95	3.631565e-05	4.328600e-08	0.11	1.159671e-238	2.365730e-236	235.63	186
positions_7nt_m2	13.6	3	2615912	92	3.516884e-05	4.151974e-08	0.11	1.442921e-231	2.943559e-229	228.53	187
positions_7nt_m2	13.7	4	2615916	88	3.363976e-05	3.809534e-08	0.10	3.600919e-223	7.345874e-221	220.13	188
positions_7nt_m2	13.9	6	2615922	82	3.134614e-05	3.512809e-08	0.09	1.871997e-208	3.818873e-206	205.42	189
positions_7nt_m2	14.0	10	2615932	72	2.752344e-05	3.270829e-08	0.09	1.998193e-181	4.076314e-179	178.39	190
positions_7nt_m2	14.1	4	2615936	68	2.599436e-05	3.079709e-08	0.08	1.542300e-171	3.146292e-169	168.50	191
positions_7nt_m2	14.3	2	2615938	66	2.522982e-05	2.533712e-08	0.07	2.798732e-171	5.709413e-169	168.24	192
positions_7nt_m2	14.5	16	2615954	50	1.911350e-05	2.098411e-08	0.05	2.946927e-128	6.011731e-126	125.22	193
positions_7nt_m2	14.6	4	2615958	46	1.758442e-05	1.810379e-08	0.05	2.029973e-119	4.141145e-117	116.38	194
positions_7nt_m2	14.7	4	2615962	42	1.605534e-05	1.742701e-08	0.05	3.196317e-108	6.520486e-106	105.19	195
positions_7nt_m2	14.8	6	2615968	36	1.376172e-05	1.401609e-08	0.04	5.334721e-94	1.088283e-91	90.96	196
positions_7nt_m2	14.9	8	2615976	28	1.070356e-05	1.072430e-08	0.03	1.116848e-73	2.278369e-71	70.64	197
positions_7nt_m2	15.0	2	2615978	26	9.939020e-06	9.224570e-09	0.02	2.143920e-69	4.373597e-67	66.36	198
positions_7nt_m2	15.1	4	2615982	22	8.409940e-06	6.901915e-09	0.02	3.862608e-60	7.879719e-58	57.10	199
positions_7nt_m2	15.2	7	2615989	15	5.734050e-06	4.433056e-09	0.01	6.978407e-42	1.423595e-39	38.85	200
positions_7nt_m2	15.3	1	2615990	14	5.351780e-06	8.759504e-10	0.00	1.259440e-48	2.569258e-46	45.59	201
positions_7nt_m2	15.8	2	2615992	12	4.587240e-06	3.996921e-10	0.00	3.560384e-45	7.263184e-43	42.14	202
positions_7nt_m2	16.1	10	2616002	2	7.645400e-07	3.432376e-10	0.00	4.028646e-07	8.218438e-05	4.09	203
positions_7nt_m2	16.5	2	2616004	0	0.000000e+00	2.745901e-10	0.00	1.000000e+00	2.040000e+02	-2.31	204
; Number of sequences scanned	7041
; Sum of sequence lengths	1476646
; N residues           	103394
; Matches per matrix
;	matrix	name            	matches	scored
;	1	positions_7nt_m2	2615952	2615952
;		TOTAL          	2615952	2615952
; Host name	biow
; Job started	2014-10-08.084728
; Job done	2014-10-08.084735
; Seconds	4.8
;	user	4.8
;	system	0.03
;	cuser	0.28
;	csystem	0.02
