; classfreq  -v 1 -ci 1 -o $RSAT/public_html/tmp/apache/2014/10/08/peak-motifs.2014-10-08.083939_2014-10-08.083939_hIGyA6/results/discovered_motifs/positions_7nt_m2/peak-motifs_positions_7nt_m2_sites_per_peak.tab
;	min                 	minimum of class interval (inclusive)
;	max                 	maximum of class interval (exclusive)
;	center              	center of class interval
;	n                   	occurrences
;	n_cum               	cumulative occurrences (inclusive)
;	n_dcum              	decreasing cumulative occurrences (inclusive)
;	f                   	frequencies
;	f_cum               	cumulative frequencies (inclusive)
;	f_dcum              	decreasing cumulative frequencies (inclusive)
#[min	max[	center	n	n_cum	n_dcum	f	f_cum	f_dcum
2	3	2.5	128	128	315	0.40635	0.40635	1.00000
3	4	3.5	1	129	187	0.00317	0.40952	0.59365
4	5	4.5	54	183	186	0.17143	0.58095	0.59048
5	6	5.5	0	183	132	0.00000	0.58095	0.41905
6	7	6.5	32	215	132	0.10159	0.68254	0.41905
7	8	7.5	1	216	100	0.00317	0.68571	0.31746
8	9	8.5	14	230	99	0.04444	0.73016	0.31429
9	10	9.5	2	232	85	0.00635	0.73651	0.26984
10	11	10.5	14	246	83	0.04444	0.78095	0.26349
11	12	11.5	2	248	69	0.00635	0.78730	0.21905
12	13	12.5	13	261	67	0.04127	0.82857	0.21270
13	14	13.5	1	262	54	0.00317	0.83175	0.17143
14	15	14.5	10	272	53	0.03175	0.86349	0.16825
15	16	15.5	0	272	43	0.00000	0.86349	0.13651
16	17	16.5	10	282	43	0.03175	0.89524	0.13651
17	18	17.5	0	282	33	0.00000	0.89524	0.10476
18	19	18.5	3	285	33	0.00952	0.90476	0.10476
19	20	19.5	1	286	30	0.00317	0.90794	0.09524
20	21	20.5	2	288	29	0.00635	0.91429	0.09206
21	22	21.5	0	288	27	0.00000	0.91429	0.08571
22	23	22.5	4	292	27	0.01270	0.92698	0.08571
23	24	23.5	0	292	23	0.00000	0.92698	0.07302
24	25	24.5	2	294	23	0.00635	0.93333	0.07302
25	26	25.5	0	294	21	0.00000	0.93333	0.06667
26	27	26.5	1	295	21	0.00317	0.93651	0.06667
27	28	27.5	0	295	20	0.00000	0.93651	0.06349
28	29	28.5	1	296	20	0.00317	0.93968	0.06349
29	30	29.5	0	296	19	0.00000	0.93968	0.06032
30	31	30.5	2	298	19	0.00635	0.94603	0.06032
31	32	31.5	0	298	17	0.00000	0.94603	0.05397
32	33	32.5	1	299	17	0.00317	0.94921	0.05397
33	34	33.5	0	299	16	0.00000	0.94921	0.05079
34	35	34.5	0	299	16	0.00000	0.94921	0.05079
35	36	35.5	0	299	16	0.00000	0.94921	0.05079
36	37	36.5	0	299	16	0.00000	0.94921	0.05079
37	38	37.5	0	299	16	0.00000	0.94921	0.05079
38	39	38.5	2	301	16	0.00635	0.95556	0.05079
39	40	39.5	0	301	14	0.00000	0.95556	0.04444
40	41	40.5	0	301	14	0.00000	0.95556	0.04444
41	42	41.5	0	301	14	0.00000	0.95556	0.04444
42	43	42.5	0	301	14	0.00000	0.95556	0.04444
43	44	43.5	0	301	14	0.00000	0.95556	0.04444
44	45	44.5	3	304	14	0.00952	0.96508	0.04444
45	46	45.5	1	305	11	0.00317	0.96825	0.03492
46	47	46.5	3	308	10	0.00952	0.97778	0.03175
47	48	47.5	0	308	7	0.00000	0.97778	0.02222
48	49	48.5	0	308	7	0.00000	0.97778	0.02222
49	50	49.5	0	308	7	0.00000	0.97778	0.02222
50	51	50.5	0	308	7	0.00000	0.97778	0.02222
51	52	51.5	0	308	7	0.00000	0.97778	0.02222
52	53	52.5	1	309	7	0.00317	0.98095	0.02222
53	54	53.5	0	309	6	0.00000	0.98095	0.01905
54	55	54.5	0	309	6	0.00000	0.98095	0.01905
55	56	55.5	0	309	6	0.00000	0.98095	0.01905
56	57	56.5	1	310	6	0.00317	0.98413	0.01905
57	58	57.5	0	310	5	0.00000	0.98413	0.01587
58	59	58.5	1	311	5	0.00317	0.98730	0.01587
59	60	59.5	0	311	4	0.00000	0.98730	0.01270
60	61	60.5	0	311	4	0.00000	0.98730	0.01270
61	62	61.5	0	311	4	0.00000	0.98730	0.01270
62	63	62.5	0	311	4	0.00000	0.98730	0.01270
63	64	63.5	0	311	4	0.00000	0.98730	0.01270
64	65	64.5	0	311	4	0.00000	0.98730	0.01270
65	66	65.5	0	311	4	0.00000	0.98730	0.01270
66	67	66.5	0	311	4	0.00000	0.98730	0.01270
67	68	67.5	0	311	4	0.00000	0.98730	0.01270
68	69	68.5	0	311	4	0.00000	0.98730	0.01270
69	70	69.5	0	311	4	0.00000	0.98730	0.01270
70	71	70.5	0	311	4	0.00000	0.98730	0.01270
71	72	71.5	0	311	4	0.00000	0.98730	0.01270
72	73	72.5	0	311	4	0.00000	0.98730	0.01270
73	74	73.5	0	311	4	0.00000	0.98730	0.01270
74	75	74.5	0	311	4	0.00000	0.98730	0.01270
75	76	75.5	0	311	4	0.00000	0.98730	0.01270
76	77	76.5	0	311	4	0.00000	0.98730	0.01270
77	78	77.5	0	311	4	0.00000	0.98730	0.01270
78	79	78.5	0	311	4	0.00000	0.98730	0.01270
79	80	79.5	0	311	4	0.00000	0.98730	0.01270
80	81	80.5	0	311	4	0.00000	0.98730	0.01270
81	82	81.5	0	311	4	0.00000	0.98730	0.01270
82	83	82.5	1	312	4	0.00317	0.99048	0.01270
83	84	83.5	0	312	3	0.00000	0.99048	0.00952
84	85	84.5	0	312	3	0.00000	0.99048	0.00952
85	86	85.5	0	312	3	0.00000	0.99048	0.00952
86	87	86.5	0	312	3	0.00000	0.99048	0.00952
87	88	87.5	0	312	3	0.00000	0.99048	0.00952
88	89	88.5	0	312	3	0.00000	0.99048	0.00952
89	90	89.5	0	312	3	0.00000	0.99048	0.00952
90	91	90.5	0	312	3	0.00000	0.99048	0.00952
91	92	91.5	0	312	3	0.00000	0.99048	0.00952
92	93	92.5	0	312	3	0.00000	0.99048	0.00952
93	94	93.5	0	312	3	0.00000	0.99048	0.00952
94	95	94.5	0	312	3	0.00000	0.99048	0.00952
95	96	95.5	0	312	3	0.00000	0.99048	0.00952
96	97	96.5	0	312	3	0.00000	0.99048	0.00952
97	98	97.5	0	312	3	0.00000	0.99048	0.00952
98	99	98.5	0	312	3	0.00000	0.99048	0.00952
99	100	99.5	0	312	3	0.00000	0.99048	0.00952
100	101	100.5	1	313	3	0.00317	0.99365	0.00952
101	102	101.5	0	313	2	0.00000	0.99365	0.00635
102	103	102.5	0	313	2	0.00000	0.99365	0.00635
103	104	103.5	0	313	2	0.00000	0.99365	0.00635
104	105	104.5	0	313	2	0.00000	0.99365	0.00635
105	106	105.5	0	313	2	0.00000	0.99365	0.00635
106	107	106.5	0	313	2	0.00000	0.99365	0.00635
107	108	107.5	0	313	2	0.00000	0.99365	0.00635
108	109	108.5	0	313	2	0.00000	0.99365	0.00635
109	110	109.5	0	313	2	0.00000	0.99365	0.00635
110	111	110.5	0	313	2	0.00000	0.99365	0.00635
111	112	111.5	0	313	2	0.00000	0.99365	0.00635
112	113	112.5	0	313	2	0.00000	0.99365	0.00635
113	114	113.5	0	313	2	0.00000	0.99365	0.00635
114	115	114.5	0	313	2	0.00000	0.99365	0.00635
115	116	115.5	0	313	2	0.00000	0.99365	0.00635
116	117	116.5	0	313	2	0.00000	0.99365	0.00635
117	118	117.5	0	313	2	0.00000	0.99365	0.00635
118	119	118.5	0	313	2	0.00000	0.99365	0.00635
119	120	119.5	0	313	2	0.00000	0.99365	0.00635
120	121	120.5	0	313	2	0.00000	0.99365	0.00635
121	122	121.5	0	313	2	0.00000	0.99365	0.00635
122	123	122.5	0	313	2	0.00000	0.99365	0.00635
123	124	123.5	0	313	2	0.00000	0.99365	0.00635
124	125	124.5	1	314	2	0.00317	0.99683	0.00635
125	126	125.5	0	314	1	0.00000	0.99683	0.00317
126	127	126.5	0	314	1	0.00000	0.99683	0.00317
127	128	127.5	0	314	1	0.00000	0.99683	0.00317
128	129	128.5	0	314	1	0.00000	0.99683	0.00317
129	130	129.5	0	314	1	0.00000	0.99683	0.00317
130	131	130.5	0	314	1	0.00000	0.99683	0.00317
131	132	131.5	0	314	1	0.00000	0.99683	0.00317
132	133	132.5	0	314	1	0.00000	0.99683	0.00317
133	134	133.5	0	314	1	0.00000	0.99683	0.00317
134	135	134.5	0	314	1	0.00000	0.99683	0.00317
135	136	135.5	0	314	1	0.00000	0.99683	0.00317
136	137	136.5	0	314	1	0.00000	0.99683	0.00317
137	138	137.5	0	314	1	0.00000	0.99683	0.00317
138	139	138.5	0	314	1	0.00000	0.99683	0.00317
139	140	139.5	0	314	1	0.00000	0.99683	0.00317
140	141	140.5	0	314	1	0.00000	0.99683	0.00317
141	142	141.5	0	314	1	0.00000	0.99683	0.00317
142	143	142.5	0	314	1	0.00000	0.99683	0.00317
143	144	143.5	0	314	1	0.00000	0.99683	0.00317
144	145	144.5	0	314	1	0.00000	0.99683	0.00317
145	146	145.5	0	314	1	0.00000	0.99683	0.00317
146	147	146.5	0	314	1	0.00000	0.99683	0.00317
147	148	147.5	0	314	1	0.00000	0.99683	0.00317
148	149	148.5	0	314	1	0.00000	0.99683	0.00317
149	150	149.5	0	314	1	0.00000	0.99683	0.00317
150	151	150.5	0	314	1	0.00000	0.99683	0.00317
151	152	151.5	0	314	1	0.00000	0.99683	0.00317
152	153	152.5	0	314	1	0.00000	0.99683	0.00317
153	154	153.5	0	314	1	0.00000	0.99683	0.00317
154	155	154.5	0	314	1	0.00000	0.99683	0.00317
155	156	155.5	0	314	1	0.00000	0.99683	0.00317
156	157	156.5	0	314	1	0.00000	0.99683	0.00317
157	158	157.5	0	314	1	0.00000	0.99683	0.00317
158	159	158.5	0	314	1	0.00000	0.99683	0.00317
159	160	159.5	0	314	1	0.00000	0.99683	0.00317
160	161	160.5	0	314	1	0.00000	0.99683	0.00317
161	162	161.5	0	314	1	0.00000	0.99683	0.00317
162	163	162.5	0	314	1	0.00000	0.99683	0.00317
163	164	163.5	0	314	1	0.00000	0.99683	0.00317
164	165	164.5	0	314	1	0.00000	0.99683	0.00317
165	166	165.5	0	314	1	0.00000	0.99683	0.00317
166	167	166.5	0	314	1	0.00000	0.99683	0.00317
167	168	167.5	0	314	1	0.00000	0.99683	0.00317
168	169	168.5	0	314	1	0.00000	0.99683	0.00317
169	170	169.5	1	315	1	0.00317	1.00000	0.00317
; Statistics:
; -----------
; class interval     	1
; classes            	168
; count              	315
; sum                	2862
; mean               	9.08571
; median class       	[3..4[
; var                	261
; std                	16.1621
; min                	2
; max                	169
; range              	167
; Host name	biow
; Job started	2014-10-08.084728
; Job done	2014-10-08.084728
; Seconds	0.23
;	user	0.23
;	system	0.02
;	cuser	0
;	csystem	0
