; matrix-scan  -v 1 -quick -seq_format fasta -i $RSAT/public_html/tmp/apache/2014/10/07/peak-motifs.2014-10-07.093009_2014-10-07.093009_rKpHEN/data/sequences/peak-motifs_test.fasta -matrix_format transfac -m $RSAT/public_html/tmp/apache/2014/10/07/peak-motifs.2014-10-07.093009_2014-10-07.093009_rKpHEN/results/discovered_motifs/positions_6nt_m2/peak-motifs_positions_6nt_m2.tf -pseudo 1 -2str -decimals 1 -bg_pseudo 0.01 -n score -lth score -5 -bginput -markov 1 -return distrib -return occ_proba -o $RSAT/public_html/tmp/apache/2014/10/07/peak-motifs.2014-10-07.093009_2014-10-07.093009_rKpHEN/results/discovered_motifs/positions_6nt_m2/peak-motifs_positions_6nt_m2_scan_mkv1_enrichment.tab
; Quick counting mode          
; Input files
;	input	/vh/rsat/rsat/public_html/tmp/apache/2014/10/07/peak-motifs.2014-10-07.093009_2014-10-07.093009_rKpHEN/data/sequences/peak-motifs_test.fasta
; Matrix files
;	matrix 1	/vh/rsat/rsat/public_html/tmp/apache/2014/10/07/peak-motifs.2014-10-07.093009_2014-10-07.093009_rKpHEN/results/discovered_motifs/positions_6nt_m2/peak-motifs_positions_6nt_m2.tf
; Sequence format      	fasta
; Output files
;	output	/vh/rsat/rsat/public_html/tmp/apache/2014/10/07/peak-motifs.2014-10-07.093009_2014-10-07.093009_rKpHEN/results/discovered_motifs/positions_6nt_m2/peak-motifs_positions_6nt_m2_scan_mkv1_enrichment.tab
; Pseudo counts        	1
; Background model
;	Method        	input
;	Markov order  	1
;	Strand        	undef
;	Background pseudo-frequency	0.01
;	Residue probabilities
;		a	0.26589
;		c	0.23416
;		g	0.23390
;		t	0.26605
; Thresholds	lower	upper
;	score 	-5   	NA
;
; Matrices
;	matrix	name            	ncol	nrow	pseudo	Wmin	Wmax	Wrange
;	1	positions_6nt_m2	14	4	1	-40.300	13.500	53.800	a:0.266 c:0.234 g:0.234 t:0.266 
;
; Score distribution
#matrix	score	occ	occ_cum	inv_cum	inv_cum_freq	occ_prior	exp_occ	occ_Pval	occ_Eval	occ_sig	occ_sig_rank
positions_6nt_m2	-5.0	824	2735030	35196	1.270511e-02	1.127429e-02	31232.33	1.394956e-108	2.413275e-106	105.62	1
positions_6nt_m2	-4.9	859	2735889	34337	1.239502e-02	1.093494e-02	30292.26	3.836060e-116	6.636384e-114	113.18	2
positions_6nt_m2	-4.8	851	2736740	33486	1.208783e-02	1.066356e-02	29540.47	2.385898e-113	4.127604e-111	110.38	3
positions_6nt_m2	-4.7	887	2737627	32599	1.176764e-02	1.033695e-02	28635.69	1.101509e-117	1.905611e-115	114.72	4
positions_6nt_m2	-4.6	916	2738543	31683	1.143698e-02	1.003969e-02	27812.20	1.478832e-115	2.558380e-113	112.59	5
positions_6nt_m2	-4.5	804	2739347	30879	1.114675e-02	9.769814e-03	27064.58	3.161016e-115	5.468557e-113	112.26	6
positions_6nt_m2	-4.4	881	2740228	29998	1.082872e-02	9.441482e-03	26155.03	1.176052e-120	2.034570e-118	117.69	7
positions_6nt_m2	-4.3	876	2741104	29122	1.051250e-02	9.168011e-03	25397.45	9.145566e-117	1.582183e-114	113.80	8
positions_6nt_m2	-4.2	924	2742028	28198	1.017896e-02	8.861998e-03	24549.73	8.194455e-116	1.417641e-113	112.85	9
positions_6nt_m2	-4.1	910	2742938	27288	9.850463e-03	8.525814e-03	23618.42	2.180451e-121	3.772181e-119	118.42	10
positions_6nt_m2	-4.0	871	2743809	26417	9.536049e-03	8.252665e-03	22861.74	9.605211e-118	1.661702e-115	114.78	11
positions_6nt_m2	-3.9	790	2744599	25627	9.250873e-03	7.920952e-03	21942.82	6.117051e-131	1.058250e-128	127.98	12
positions_6nt_m2	-3.8	836	2745435	24791	8.949093e-03	7.628890e-03	21133.74	1.119524e-133	1.936777e-131	130.71	13
positions_6nt_m2	-3.7	768	2746203	24023	8.671859e-03	7.348317e-03	20356.49	4.672463e-139	8.083361e-137	136.09	14
positions_6nt_m2	-3.6	776	2746979	23247	8.391737e-03	7.107373e-03	19689.02	2.179368e-135	3.770306e-133	132.42	15
positions_6nt_m2	-3.5	665	2747644	22582	8.151684e-03	6.854497e-03	18988.50	1.125562e-142	1.947223e-140	139.71	16
positions_6nt_m2	-3.4	598	2748242	21984	7.935817e-03	6.595830e-03	18271.93	2.749652e-157	4.756898e-155	154.32	17
positions_6nt_m2	-3.3	518	2748760	21466	7.748829e-03	6.378998e-03	17671.26	3.621931e-169	6.265940e-167	166.20	18
positions_6nt_m2	-3.2	542	2749302	20924	7.553177e-03	6.200150e-03	17175.81	1.360203e-169	2.353151e-167	166.63	19
positions_6nt_m2	-3.1	468	2749770	20456	7.384238e-03	6.016077e-03	16665.89	4.383016e-178	7.582618e-176	175.12	20
positions_6nt_m2	-3.0	444	2750214	20012	7.223962e-03	5.846261e-03	16195.46	2.983234e-185	5.160995e-183	182.29	21
positions_6nt_m2	-2.9	423	2750637	19589	7.071267e-03	5.671811e-03	15712.19	3.177553e-196	5.497167e-194	193.26	22
positions_6nt_m2	-2.8	435	2751072	19154	6.914240e-03	5.521571e-03	15295.99	3.121980e-199	5.401025e-197	196.27	23
positions_6nt_m2	-2.7	410	2751482	18744	6.766237e-03	5.379960e-03	14903.70	3.190592e-202	5.519724e-200	199.26	24
positions_6nt_m2	-2.6	390	2751872	18354	6.625455e-03	5.256159e-03	14560.74	9.236785e-202	1.597964e-199	198.80	25
positions_6nt_m2	-2.5	391	2752263	17963	6.484311e-03	5.119150e-03	14181.20	1.774207e-205	3.069378e-203	202.51	26
positions_6nt_m2	-2.4	423	2752686	17540	6.331616e-03	4.967161e-03	13760.15	5.729018e-211	9.911202e-209	208.00	27
positions_6nt_m2	-2.3	442	2753128	17098	6.172062e-03	4.827339e-03	13372.82	1.374044e-210	2.377096e-208	207.62	28
positions_6nt_m2	-2.2	437	2753565	16661	6.014313e-03	4.700524e-03	13021.51	2.126269e-206	3.678446e-204	203.43	29
positions_6nt_m2	-2.1	457	2754022	16204	5.849344e-03	4.555107e-03	12618.67	2.148222e-206	3.716424e-204	203.43	30
positions_6nt_m2	-2.0	505	2754527	15699	5.667049e-03	4.406214e-03	12206.20	2.140962e-202	3.703864e-200	199.43	31
positions_6nt_m2	-1.9	492	2755019	15207	5.489446e-03	4.256108e-03	11790.38	2.778177e-200	4.806246e-198	197.32	32
positions_6nt_m2	-1.8	511	2755530	14696	5.304984e-03	4.088236e-03	11325.33	1.985630e-202	3.435140e-200	199.46	33
positions_6nt_m2	-1.7	438	2755968	14258	5.146874e-03	3.935676e-03	10902.71	1.115208e-207	1.929311e-205	204.71	34
positions_6nt_m2	-1.6	432	2756400	13826	4.990930e-03	3.801352e-03	10530.60	4.344244e-207	7.515542e-205	204.12	35
positions_6nt_m2	-1.5	405	2756805	13421	4.844733e-03	3.639961e-03	10083.51	1.547845e-220	2.677772e-218	217.57	36
positions_6nt_m2	-1.4	459	2757264	12962	4.679042e-03	3.512560e-03	9730.58	3.256967e-214	5.634553e-212	211.25	37
positions_6nt_m2	-1.3	386	2757650	12576	4.539703e-03	3.365244e-03	9322.48	1.869286e-225	3.233864e-223	222.49	38
positions_6nt_m2	-1.2	349	2757999	12227	4.413721e-03	3.250470e-03	9004.53	2.262854e-228	3.914737e-226	225.41	39
positions_6nt_m2	-1.1	367	2758366	11860	4.281241e-03	3.129343e-03	8668.98	6.783522e-232	1.173549e-229	228.93	40
positions_6nt_m2	-1.0	341	2758707	11519	4.158146e-03	3.005976e-03	8327.23	2.008446e-240	3.474612e-238	237.46	41
positions_6nt_m2	-0.9	289	2758996	11230	4.053822e-03	2.912136e-03	8067.27	4.676210e-243	8.089844e-241	240.09	42
positions_6nt_m2	-0.8	283	2759279	10947	3.951665e-03	2.815380e-03	7799.24	3.384456e-248	5.855110e-246	245.23	43
positions_6nt_m2	-0.7	300	2759579	10647	3.843370e-03	2.712423e-03	7514.02	3.212143e-254	5.557007e-252	251.26	44
positions_6nt_m2	-0.6	272	2759851	10375	3.745183e-03	2.625843e-03	7274.18	1.452687e-256	2.513148e-254	253.60	45
positions_6nt_m2	-0.5	288	2760139	10087	3.641220e-03	2.545390e-03	7051.30	2.125247e-253	3.676678e-251	250.43	46
positions_6nt_m2	-0.4	253	2760392	9834	3.549892e-03	2.466838e-03	6833.70	8.362385e-255	1.446693e-252	251.84	47
positions_6nt_m2	-0.3	260	2760652	9574	3.456037e-03	2.398460e-03	6644.27	8.661202e-250	1.498388e-247	246.82	48
positions_6nt_m2	-0.2	231	2760883	9343	3.372650e-03	2.324371e-03	6439.03	1.562120e-252	2.702468e-250	249.57	49
positions_6nt_m2	-0.1	266	2761149	9077	3.276629e-03	2.250946e-03	6235.63	2.334214e-249	4.038191e-247	246.39	50
positions_6nt_m2	0.0	270	2761419	8807	3.179164e-03	2.169044e-03	6008.74	2.658522e-250	4.599243e-248	247.34	51
positions_6nt_m2	0.1	256	2761675	8551	3.086753e-03	2.101032e-03	5820.33	7.073698e-246	1.223750e-243	242.91	52
positions_6nt_m2	0.2	277	2761952	8274	2.986761e-03	2.016247e-03	5585.46	1.467799e-247	2.539292e-245	244.60	53
positions_6nt_m2	0.3	284	2762236	7990	2.884242e-03	1.937990e-03	5368.67	2.033295e-244	3.517600e-242	241.45	54
positions_6nt_m2	0.4	296	2762532	7694	2.777392e-03	1.858264e-03	5147.81	3.915734e-240	6.774220e-238	237.17	55
positions_6nt_m2	0.5	238	2762770	7456	2.691478e-03	1.785277e-03	4945.62	3.907335e-242	6.759690e-240	239.17	56
positions_6nt_m2	0.6	290	2763060	7166	2.586793e-03	1.704852e-03	4722.82	1.397786e-239	2.418170e-237	236.62	57
positions_6nt_m2	0.7	283	2763343	6883	2.484636e-03	1.625600e-03	4503.28	1.028392e-237	1.779118e-235	234.75	58
positions_6nt_m2	0.8	243	2763586	6640	2.396917e-03	1.546917e-03	4285.31	3.151096e-243	5.451395e-241	240.26	59
positions_6nt_m2	0.9	261	2763847	6379	2.302701e-03	1.464684e-03	4057.50	3.115882e-248	5.390475e-246	245.27	60
positions_6nt_m2	1.0	251	2764098	6128	2.212095e-03	1.391581e-03	3854.99	2.234383e-249	3.865482e-247	246.41	61
positions_6nt_m2	1.1	216	2764314	5912	2.134123e-03	1.329707e-03	3683.59	6.853349e-250	1.185629e-247	246.93	62
positions_6nt_m2	1.2	232	2764546	5680	2.050375e-03	1.259647e-03	3489.51	1.908029e-253	3.300891e-251	250.48	63
positions_6nt_m2	1.3	213	2764759	5467	1.973486e-03	1.199481e-03	3322.83	6.162676e-254	1.066143e-251	250.97	64
positions_6nt_m2	1.4	204	2764963	5263	1.899846e-03	1.149731e-03	3185.01	1.933708e-248	3.345314e-246	245.48	65
positions_6nt_m2	1.5	145	2765108	5118	1.847503e-03	1.093987e-03	3030.59	4.216715e-261	7.294916e-259	258.14	66
positions_6nt_m2	1.6	138	2765246	4980	1.797688e-03	1.052853e-03	2916.64	6.610419e-264	1.143602e-261	260.94	67
positions_6nt_m2	1.7	154	2765400	4826	1.742097e-03	1.007810e-03	2791.86	1.304248e-266	2.256349e-264	263.65	68
positions_6nt_m2	1.8	144	2765544	4682	1.690115e-03	9.731732e-04	2695.91	9.516922e-263	1.646428e-260	259.78	69
positions_6nt_m2	1.9	108	2765652	4574	1.651129e-03	9.370727e-04	2595.90	4.618698e-269	7.990347e-267	266.10	70
positions_6nt_m2	2.0	107	2765759	4467	1.612504e-03	9.005480e-04	2494.72	1.782443e-276	3.083626e-274	273.51	71
positions_6nt_m2	2.1	108	2765867	4359	1.573518e-03	8.685129e-04	2405.98	9.532102e-280	1.649054e-277	276.78	72
positions_6nt_m2	2.2	138	2766005	4221	1.523703e-03	8.356290e-04	2314.88	2.897657e-276	5.012947e-274	273.30	73
positions_6nt_m2	2.3	102	2766107	4119	1.486883e-03	8.036998e-04	2226.43	1.805721e-281	3.123897e-279	278.51	74
positions_6nt_m2	2.4	134	2766241	3985	1.438511e-03	7.749596e-04	2146.81	4.771662e-275	8.254975e-273	272.08	75
positions_6nt_m2	2.5	143	2766384	3842	1.386891e-03	7.418627e-04	2055.13	9.462232e-271	1.636966e-268	267.79	76
positions_6nt_m2	2.6	126	2766510	3716	1.341407e-03	7.048929e-04	1952.71	1.957853e-275	3.387086e-273	272.47	77
positions_6nt_m2	2.7	159	2766669	3557	1.284011e-03	6.706058e-04	1857.73	2.939639e-268	5.085575e-266	265.29	78
positions_6nt_m2	2.8	138	2766807	3419	1.234196e-03	6.397550e-04	1772.27	2.659185e-263	4.600391e-261	260.34	79
positions_6nt_m2	2.9	150	2766957	3269	1.180049e-03	6.061547e-04	1679.19	4.274086e-258	7.394169e-256	255.13	80
positions_6nt_m2	3.0	134	2767091	3135	1.131677e-03	5.724515e-04	1585.82	7.273132e-258	1.258252e-255	254.90	81
positions_6nt_m2	3.1	149	2767240	2986	1.077891e-03	5.372896e-04	1488.41	3.271085e-255	5.658977e-253	252.25	82
positions_6nt_m2	3.2	127	2767367	2859	1.032046e-03	5.066946e-04	1403.66	5.629652e-254	9.739297e-252	251.01	83
positions_6nt_m2	3.3	109	2767476	2750	9.926991e-04	4.781634e-04	1324.62	4.245652e-256	7.344979e-254	253.13	84
positions_6nt_m2	3.4	127	2767603	2623	9.468545e-04	4.557457e-04	1262.52	8.304218e-245	1.436630e-242	241.84	85
positions_6nt_m2	3.5	115	2767718	2508	9.053416e-04	4.319260e-04	1196.53	3.401965e-239	5.885399e-237	236.23	86
positions_6nt_m2	3.6	68	2767786	2440	8.807949e-04	4.087510e-04	1132.33	2.640253e-248	4.567637e-246	245.34	87
positions_6nt_m2	3.7	72	2767858	2368	8.548042e-04	3.908760e-04	1082.81	3.065326e-249	5.303013e-247	246.28	88
positions_6nt_m2	3.8	80	2767938	2288	8.259257e-04	3.761339e-04	1041.98	4.238998e-243	7.333467e-241	240.13	89
positions_6nt_m2	3.9	68	2768006	2220	8.013789e-04	3.616805e-04	1001.94	1.075436e-240	1.860505e-238	237.73	90
positions_6nt_m2	4.0	54	2768060	2166	7.818859e-04	3.485981e-04	965.70	3.085148e-241	5.337306e-239	238.27	91
positions_6nt_m2	4.1	71	2768131	2095	7.562563e-04	3.352946e-04	928.84	3.171009e-236	5.485845e-234	233.26	92
positions_6nt_m2	4.2	70	2768201	2025	7.309876e-04	3.251348e-04	900.70	7.823269e-227	1.353426e-224	223.87	93
positions_6nt_m2	4.3	65	2768266	1960	7.075238e-04	3.131195e-04	867.41	5.238923e-222	9.063336e-220	219.04	94
positions_6nt_m2	4.4	52	2768318	1908	6.887527e-04	3.023005e-04	837.44	5.152945e-220	8.914595e-218	217.05	95
positions_6nt_m2	4.5	59	2768377	1849	6.674548e-04	2.926706e-04	810.76	1.029242e-213	1.780589e-211	210.75	96
positions_6nt_m2	4.6	49	2768426	1800	6.497667e-04	2.808199e-04	777.93	1.663582e-214	2.877996e-212	211.54	97
positions_6nt_m2	4.7	48	2768474	1752	6.324396e-04	2.701035e-04	748.25	5.266506e-214	9.111055e-212	211.04	98
positions_6nt_m2	4.8	65	2768539	1687	6.089758e-04	2.588719e-04	717.13	4.123941e-208	7.134417e-206	205.15	99
positions_6nt_m2	4.9	67	2768606	1620	5.847900e-04	2.454582e-04	679.97	4.309745e-205	7.455860e-203	202.13	100
positions_6nt_m2	5.0	52	2768658	1568	5.660190e-04	2.343518e-04	649.21	5.127698e-204	8.870917e-202	201.05	101
positions_6nt_m2	5.1	69	2768727	1499	5.411113e-04	2.213380e-04	613.16	8.689073e-200	1.503210e-197	196.82	102
positions_6nt_m2	5.2	71	2768798	1428	5.154816e-04	2.098292e-04	581.27	3.210202e-192	5.553649e-190	189.26	103
positions_6nt_m2	5.3	95	2768893	1333	4.811884e-04	1.969002e-04	545.46	8.857094e-178	1.532277e-175	174.81	104
positions_6nt_m2	5.4	53	2768946	1280	4.620563e-04	1.856457e-04	514.28	7.569757e-177	1.309568e-174	173.88	105
positions_6nt_m2	5.5	55	2769001	1225	4.422023e-04	1.759421e-04	487.40	1.829467e-172	3.164978e-170	169.50	106
positions_6nt_m2	5.6	59	2769060	1166	4.209044e-04	1.654078e-04	458.22	4.670771e-168	8.080434e-166	165.09	107
positions_6nt_m2	5.7	36	2769096	1130	4.079091e-04	1.572259e-04	435.55	9.515390e-169	1.646162e-166	165.78	108
positions_6nt_m2	5.8	44	2769140	1086	3.920259e-04	1.491792e-04	413.26	5.365773e-166	9.282788e-164	163.03	109
positions_6nt_m2	5.9	45	2769185	1041	3.757818e-04	1.413236e-04	391.50	1.599472e-162	2.767086e-160	159.56	110
positions_6nt_m2	6.0	43	2769228	998	3.602595e-04	1.350850e-04	374.22	1.057402e-156	1.829305e-154	153.74	111
positions_6nt_m2	6.1	36	2769264	962	3.472642e-04	1.283946e-04	355.68	8.092808e-155	1.400056e-152	151.85	112
positions_6nt_m2	6.2	29	2769293	933	3.367957e-04	1.234908e-04	342.10	2.367613e-152	4.095970e-150	149.39	113
positions_6nt_m2	6.3	37	2769330	896	3.234394e-04	1.176932e-04	326.04	2.792041e-148	4.830231e-146	145.32	114
positions_6nt_m2	6.4	17	2769347	879	3.173027e-04	1.128651e-04	312.66	4.532091e-151	7.840518e-149	148.11	115
positions_6nt_m2	6.5	24	2769371	855	3.086392e-04	1.090063e-04	301.97	1.040585e-148	1.800213e-146	145.74	116
positions_6nt_m2	6.6	27	2769398	828	2.988927e-04	1.045141e-04	289.53	2.048299e-146	3.543558e-144	143.45	117
positions_6nt_m2	6.7	31	2769429	797	2.877023e-04	1.007671e-04	279.15	1.212388e-140	2.097431e-138	137.68	118
positions_6nt_m2	6.8	25	2769454	772	2.786777e-04	9.694627e-05	268.56	8.818983e-138	1.525684e-135	134.82	119
positions_6nt_m2	6.9	30	2769484	742	2.678483e-04	9.245943e-05	256.13	3.819727e-134	6.608129e-132	131.18	120
positions_6nt_m2	7.0	21	2769505	721	2.602677e-04	8.884602e-05	246.12	1.050470e-132	1.817313e-130	129.74	121
positions_6nt_m2	7.1	28	2769533	693	2.501602e-04	8.414516e-05	233.10	1.422675e-130	2.461229e-128	127.61	122
positions_6nt_m2	7.2	45	2769578	648	2.339160e-04	8.009143e-05	221.87	6.318272e-119	1.093061e-116	115.96	123
positions_6nt_m2	7.3	36	2769614	612	2.209207e-04	7.519393e-05	208.30	1.774067e-113	3.069136e-111	110.51	124
positions_6nt_m2	7.4	32	2769646	580	2.093693e-04	7.045476e-05	195.18	1.481701e-109	2.563342e-107	106.59	125
positions_6nt_m2	7.5	39	2769685	541	1.952910e-04	6.595309e-05	182.70	9.020978e-102	1.560629e-99	98.81	126
positions_6nt_m2	7.6	38	2769723	503	1.815737e-04	6.101432e-05	169.02	1.703257e-95	2.946634e-93	92.53	127
positions_6nt_m2	7.7	40	2769763	463	1.671344e-04	5.697197e-05	157.83	3.701796e-86	6.404107e-84	83.19	128
positions_6nt_m2	7.8	42	2769805	421	1.519732e-04	5.248246e-05	145.39	5.816023e-77	1.006172e-74	74.00	129
positions_6nt_m2	7.9	38	2769843	383	1.382559e-04	4.817638e-05	133.46	3.215148e-69	5.562205e-67	66.25	130
positions_6nt_m2	8.0	25	2769868	358	1.292314e-04	4.453630e-05	123.38	5.862938e-66	1.014288e-63	62.99	131
positions_6nt_m2	8.1	14	2769882	344	1.241776e-04	4.094781e-05	113.43	7.778639e-68	1.345705e-65	64.87	132
positions_6nt_m2	8.2	19	2769901	325	1.173190e-04	3.771304e-05	104.47	1.250217e-66	2.162875e-64	63.66	133
positions_6nt_m2	8.3	17	2769918	308	1.111823e-04	3.465636e-05	96.01	4.532401e-66	7.841054e-64	63.11	134
positions_6nt_m2	8.4	25	2769943	283	1.021578e-04	3.219018e-05	89.17	5.953553e-60	1.029965e-57	56.99	135
positions_6nt_m2	8.5	10	2769953	273	9.854795e-05	2.974203e-05	82.39	1.902153e-61	3.290725e-59	58.48	136
positions_6nt_m2	8.6	15	2769968	258	9.313323e-05	2.809696e-05	77.83	3.289790e-58	5.691336e-56	55.24	137
positions_6nt_m2	8.7	6	2769974	252	9.096734e-05	2.656448e-05	73.59	2.060650e-59	3.564924e-57	56.45	138
positions_6nt_m2	8.8	12	2769986	240	8.663556e-05	2.508729e-05	69.50	2.666620e-57	4.613253e-55	54.34	139
positions_6nt_m2	8.9	14	2770000	226	8.158182e-05	2.356753e-05	65.29	3.077084e-54	5.323356e-52	51.27	140
positions_6nt_m2	9.0	12	2770012	214	7.725004e-05	2.229603e-05	61.77	1.605694e-51	2.777851e-49	48.56	141
positions_6nt_m2	9.1	16	2770028	198	7.147434e-05	2.125262e-05	58.87	5.372764e-46	9.294881e-44	43.03	142
positions_6nt_m2	9.2	8	2770036	190	6.858649e-05	2.008330e-05	55.64	4.133189e-45	7.150417e-43	42.15	143
positions_6nt_m2	9.3	10	2770046	180	6.497667e-05	1.877264e-05	52.00	1.394787e-43	2.412981e-41	40.62	144
positions_6nt_m2	9.4	11	2770057	169	6.100587e-05	1.737576e-05	48.13	8.781965e-42	1.519280e-39	38.82	145
positions_6nt_m2	9.5	13	2770070	156	5.631312e-05	1.605662e-05	44.48	1.165928e-38	2.017055e-36	35.70	146
positions_6nt_m2	9.6	10	2770080	146	5.270330e-05	1.470497e-05	40.74	2.723321e-37	4.711345e-35	34.33	147
positions_6nt_m2	9.7	5	2770085	141	5.089839e-05	1.315414e-05	36.44	1.606984e-39	2.780082e-37	36.56	148
positions_6nt_m2	9.8	16	2770101	125	4.512269e-05	1.186643e-05	32.87	1.525502e-34	2.639119e-32	31.58	149
positions_6nt_m2	9.9	17	2770118	108	3.898600e-05	1.032044e-05	28.59	7.304659e-30	1.263706e-27	26.90	150
positions_6nt_m2	10.0	12	2770130	96	3.465422e-05	8.990334e-06	24.91	2.287152e-27	3.956772e-25	24.40	151
positions_6nt_m2	10.1	9	2770139	87	3.140539e-05	8.038215e-06	22.27	2.393208e-25	4.140250e-23	22.38	152
positions_6nt_m2	10.2	9	2770148	78	2.815656e-05	6.800188e-06	18.84	2.162942e-24	3.741890e-22	21.43	153
positions_6nt_m2	10.3	13	2770161	65	2.346380e-05	5.788452e-06	16.04	3.712783e-20	6.423114e-18	17.19	154
positions_6nt_m2	10.4	12	2770173	53	1.913202e-05	5.047926e-06	13.98	1.391044e-15	2.406507e-13	12.62	155
positions_6nt_m2	10.5	9	2770182	44	1.588319e-05	4.383072e-06	12.14	1.400648e-12	2.423121e-10	9.62	156
positions_6nt_m2	10.6	12	2770194	32	1.155141e-05	3.933175e-06	10.90	1.626384e-07	2.813645e-05	4.55	157
positions_6nt_m2	10.7	2	2770196	30	1.082945e-05	3.471004e-06	9.62	1.117278e-07	1.932891e-05	4.71	158
positions_6nt_m2	10.8	2	2770198	28	1.010748e-05	3.133444e-06	8.68	1.503298e-07	2.600706e-05	4.58	159
positions_6nt_m2	10.9	3	2770201	25	9.024538e-06	2.861520e-06	7.93	9.988972e-07	1.728092e-04	3.76	160
positions_6nt_m2	11.0	2	2770203	23	8.302575e-06	2.678862e-06	7.42	3.489084e-06	6.036116e-04	3.22	161
positions_6nt_m2	11.1	2	2770205	21	7.580612e-06	2.510980e-06	6.96	1.323093e-05	2.288952e-03	2.64	162
positions_6nt_m2	11.2	5	2770210	16	5.775704e-06	2.316207e-06	6.42	1.017680e-03	1.760586e-01	0.75	163
positions_6nt_m2	11.4	3	2770213	13	4.692760e-06	1.920934e-06	5.32	3.400524e-03	5.882906e-01	0.23	164
positions_6nt_m2	11.6	3	2770216	10	3.609815e-06	1.641738e-06	4.55	1.823107e-02	3.153974e+00	-0.50	165
positions_6nt_m2	11.7	1	2770217	9	3.248834e-06	1.369344e-06	3.79	1.582560e-02	2.737829e+00	-0.44	166
positions_6nt_m2	11.8	1	2770218	8	2.887852e-06	1.227100e-06	3.40	2.305101e-02	3.987825e+00	-0.60	167
positions_6nt_m2	11.9	2	2770220	6	2.165889e-06	9.437768e-07	2.61	5.010859e-02	8.668786e+00	-0.94	168
positions_6nt_m2	12.0	1	2770221	5	1.804908e-06	8.393525e-07	2.33	8.672339e-02	1.500315e+01	-1.18	169
positions_6nt_m2	12.2	1	2770222	4	1.443926e-06	4.914176e-07	1.36	4.946150e-02	8.556839e+00	-0.93	170
positions_6nt_m2	12.3	1	2770223	3	1.082945e-06	3.886796e-07	1.08	9.494243e-02	1.642504e+01	-1.22	171
positions_6nt_m2	12.4	1	2770224	2	7.219630e-07	2.223699e-07	0.62	1.272024e-01	2.200602e+01	-1.34	172
positions_6nt_m2	13.0	2	2770226	0	0.000000e+00	3.551232e-08	0.10	1.000000e+00	1.730000e+02	-2.24	173
; Number of sequences scanned	7041
; Sum of sequence lengths	1476646
; N residues           	0
; Matches per matrix
;	matrix	name            	matches	scored
;	1	positions_6nt_m2	2770225	2770225
;		TOTAL          	2770225	2770225
; Host name	biow
; Job started	2014-10-07.094029
; Job done	2014-10-07.094034
; Seconds	2.61
;	user	2.62
;	system	0.04
;	cuser	0.27
;	csystem	0.03
