; classfreq  -v 1 -ci 20 -o $RSAT/public_html/tmp/apache/2014/10/07/peak-motifs.2014-10-07.093009_2014-10-07.093009_rKpHEN/results/discovered_motifs/positions_6nt_m2/peak-motifs_positions_6nt_m2_site_distrib.tab
;	min                 	minimum of class interval (inclusive)
;	max                 	maximum of class interval (exclusive)
;	center              	center of class interval
;	n                   	occurrences
;	n_cum               	cumulative occurrences (inclusive)
;	n_dcum              	decreasing cumulative occurrences (inclusive)
;	f                   	frequencies
;	f_cum               	cumulative frequencies (inclusive)
;	f_dcum              	decreasing cumulative frequencies (inclusive)
#[min	max[	center	n	n_cum	n_dcum	f	f_cum	f_dcum
-320	-300	-310	2	2	578	0.00346	0.00346	1.00000
-300	-280	-290	0	2	576	0.00000	0.00346	0.99654
-280	-260	-270	1	3	576	0.00173	0.00519	0.99654
-260	-240	-250	0	3	575	0.00000	0.00519	0.99481
-240	-220	-230	1	4	575	0.00173	0.00692	0.99481
-220	-200	-210	0	4	574	0.00000	0.00692	0.99308
-200	-180	-190	0	4	574	0.00000	0.00692	0.99308
-180	-160	-170	2	6	574	0.00346	0.01038	0.99308
-160	-140	-150	9	15	572	0.01557	0.02595	0.98962
-140	-120	-130	4	19	563	0.00692	0.03287	0.97405
-120	-100	-110	11	30	559	0.01903	0.05190	0.96713
-100	-80	-90	14	44	548	0.02422	0.07612	0.94810
-80	-60	-70	20	64	534	0.03460	0.11073	0.92388
-60	-40	-50	57	121	514	0.09862	0.20934	0.88927
-40	-20	-30	103	224	457	0.17820	0.38754	0.79066
-20	0	-10	125	349	354	0.21626	0.60381	0.61246
0	20	10	87	436	229	0.15052	0.75433	0.39619
20	40	30	55	491	142	0.09516	0.84948	0.24567
40	60	50	31	522	87	0.05363	0.90311	0.15052
60	80	70	22	544	56	0.03806	0.94118	0.09689
80	100	90	18	562	34	0.03114	0.97232	0.05882
100	120	110	6	568	16	0.01038	0.98270	0.02768
120	140	130	3	571	10	0.00519	0.98789	0.01730
140	160	150	1	572	7	0.00173	0.98962	0.01211
160	180	170	3	575	6	0.00519	0.99481	0.01038
180	200	190	1	576	3	0.00173	0.99654	0.00519
200	220	210	1	577	2	0.00173	0.99827	0.00346
220	240	230	0	577	1	0.00000	0.99827	0.00173
240	260	250	1	578	1	0.00173	1.00000	0.00173
; Statistics:
; -----------
; class interval     	20
; classes            	29
; count              	578
; sum                	-4822
; mean               	-8.34256
; median class       	[-40..-20[
; var                	3.4e+03
; std                	58.2928
; min                	-316.5
; max                	255.5
; range              	572
; Host name	biow
; Job started	2014-10-07.094028
; Job done	2014-10-07.094028
; Seconds	0.23
;	user	0.23
;	system	0.01
;	cuser	0
;	csystem	0
