; matrix-scan  -v 1 -quick -seq_format fasta -i $RSAT/public_html/tmp/apache/2014/10/08/peak-motifs.2014-10-08.083939_2014-10-08.083939_hIGyA6/data/sequences/peak-motifs_test.fasta -matrix_format transfac -m $RSAT/public_html/tmp/apache/2014/10/08/peak-motifs.2014-10-08.083939_2014-10-08.083939_hIGyA6/results/discovered_motifs/dyads_m4/peak-motifs_dyads_m4.tf -pseudo 1 -2str -decimals 1 -bg_pseudo 0.01 -n score -lth score -5 -bginput -markov 1 -return distrib -return occ_proba -o $RSAT/public_html/tmp/apache/2014/10/08/peak-motifs.2014-10-08.083939_2014-10-08.083939_hIGyA6/results/discovered_motifs/dyads_m4/peak-motifs_dyads_m4_scan_mkv1_enrichment.tab
; Quick counting mode          
; Input files
;	input	/vh/rsat/rsat/public_html/tmp/apache/2014/10/08/peak-motifs.2014-10-08.083939_2014-10-08.083939_hIGyA6/data/sequences/peak-motifs_test.fasta
; Matrix files
;	matrix 1	/vh/rsat/rsat/public_html/tmp/apache/2014/10/08/peak-motifs.2014-10-08.083939_2014-10-08.083939_hIGyA6/results/discovered_motifs/dyads_m4/peak-motifs_dyads_m4.tf
; Sequence format      	fasta
; Output files
;	output	/vh/rsat/rsat/public_html/tmp/apache/2014/10/08/peak-motifs.2014-10-08.083939_2014-10-08.083939_hIGyA6/results/discovered_motifs/dyads_m4/peak-motifs_dyads_m4_scan_mkv1_enrichment.tab
; Pseudo counts        	1
; Background model
;	Method        	input
;	Markov order  	1
;	Strand        	undef
;	Background pseudo-frequency	0.01
;	Residue probabilities
;		a	0.29701
;		c	0.20351
;		g	0.20377
;		t	0.29571
; Thresholds	lower	upper
;	score 	-5   	NA
;
; Matrices
;	matrix	name    	ncol	nrow	pseudo	Wmin	Wmax	Wrange
;	1	dyads_m4	17	4	1	-39.200	17.800	57.000	a:0.297 c:0.204 g:0.204 t:0.296 
;
; Score distribution
#matrix	score	occ	occ_cum	inv_cum	inv_cum_freq	occ_prior	exp_occ	occ_Pval	occ_Eval	occ_sig	occ_sig_rank
dyads_m4	-5.0	1599	2479040	58664	2.311697e-02	1.241432e-02	31503.86	0.000000e+00	0.000000e+00	350.00	1
dyads_m4	-4.9	1774	2480814	56890	2.241791e-02	1.190770e-02	30218.19	0.000000e+00	0.000000e+00	350.00	2
dyads_m4	-4.8	1550	2482364	55340	2.180712e-02	1.150680e-02	29200.85	0.000000e+00	0.000000e+00	350.00	3
dyads_m4	-4.7	1527	2483891	53813	2.120540e-02	1.103247e-02	27997.13	0.000000e+00	0.000000e+00	350.00	4
dyads_m4	-4.6	1659	2485550	52154	2.055166e-02	1.061602e-02	26940.31	0.000000e+00	0.000000e+00	350.00	5
dyads_m4	-4.5	1473	2487023	50681	1.997121e-02	1.025325e-02	26019.71	0.000000e+00	0.000000e+00	350.00	6
dyads_m4	-4.4	1358	2488381	49323	1.943608e-02	9.824501e-03	24931.67	0.000000e+00	0.000000e+00	350.00	7
dyads_m4	-4.3	1342	2489723	47981	1.890726e-02	9.485617e-03	24071.68	0.000000e+00	0.000000e+00	350.00	8
dyads_m4	-4.2	1348	2491071	46633	1.837607e-02	9.121444e-03	23147.52	0.000000e+00	0.000000e+00	350.00	9
dyads_m4	-4.1	1431	2492502	45202	1.781217e-02	8.734725e-03	22166.14	0.000000e+00	0.000000e+00	350.00	10
dyads_m4	-4.0	1179	2493681	44023	1.734758e-02	8.429220e-03	21390.86	0.000000e+00	0.000000e+00	350.00	11
dyads_m4	-3.9	1261	2494942	42762	1.685067e-02	8.068907e-03	20476.49	0.000000e+00	0.000000e+00	350.00	12
dyads_m4	-3.8	1171	2496113	41591	1.638923e-02	7.753129e-03	19675.14	0.000000e+00	0.000000e+00	350.00	13
dyads_m4	-3.7	1162	2497275	40429	1.593134e-02	7.448303e-03	18901.58	0.000000e+00	0.000000e+00	350.00	14
dyads_m4	-3.6	1305	2498580	39124	1.541709e-02	7.183169e-03	18228.75	0.000000e+00	0.000000e+00	350.00	15
dyads_m4	-3.5	1141	2499721	37983	1.496747e-02	6.897817e-03	17504.61	0.000000e+00	0.000000e+00	350.00	16
dyads_m4	-3.4	1058	2500779	36925	1.455056e-02	6.595758e-03	16738.07	0.000000e+00	0.000000e+00	350.00	17
dyads_m4	-3.3	1182	2501961	35743	1.408478e-02	6.331103e-03	16066.46	0.000000e+00	0.000000e+00	350.00	18
dyads_m4	-3.2	1084	2503045	34659	1.365763e-02	6.100946e-03	15482.39	0.000000e+00	0.000000e+00	350.00	19
dyads_m4	-3.1	993	2504038	33666	1.326633e-02	5.854281e-03	14856.43	0.000000e+00	0.000000e+00	350.00	20
dyads_m4	-3.0	951	2504989	32715	1.289158e-02	5.616293e-03	14252.48	0.000000e+00	0.000000e+00	350.00	21
dyads_m4	-2.9	1027	2506016	31688	1.248688e-02	5.364170e-03	13612.67	0.000000e+00	0.000000e+00	350.00	22
dyads_m4	-2.8	895	2506911	30793	1.213420e-02	5.143275e-03	13052.10	0.000000e+00	0.000000e+00	350.00	23
dyads_m4	-2.7	966	2507877	29827	1.175354e-02	4.930408e-03	12511.91	0.000000e+00	0.000000e+00	350.00	24
dyads_m4	-2.6	915	2508792	28912	1.139298e-02	4.745575e-03	12042.86	0.000000e+00	0.000000e+00	350.00	25
dyads_m4	-2.5	869	2509661	28043	1.105054e-02	4.547660e-03	11540.61	0.000000e+00	0.000000e+00	350.00	26
dyads_m4	-2.4	895	2510556	27148	1.069786e-02	4.338334e-03	11009.40	0.000000e+00	0.000000e+00	350.00	27
dyads_m4	-2.3	797	2511353	26351	1.038380e-02	4.155590e-03	10545.65	0.000000e+00	0.000000e+00	350.00	28
dyads_m4	-2.2	747	2512100	25604	1.008944e-02	3.997299e-03	10143.96	0.000000e+00	0.000000e+00	350.00	29
dyads_m4	-2.1	860	2512960	24744	9.750550e-03	3.827841e-03	9713.92	0.000000e+00	0.000000e+00	350.00	30
dyads_m4	-2.0	1044	2514004	23700	9.339154e-03	3.664846e-03	9300.29	0.000000e+00	0.000000e+00	350.00	31
dyads_m4	-1.9	795	2514799	22905	9.025879e-03	3.508091e-03	8902.49	0.000000e+00	0.000000e+00	350.00	32
dyads_m4	-1.8	643	2515442	22262	8.772500e-03	3.342638e-03	8482.62	0.000000e+00	0.000000e+00	350.00	33
dyads_m4	-1.7	655	2516097	21607	8.514393e-03	3.198325e-03	8116.40	0.000000e+00	0.000000e+00	350.00	34
dyads_m4	-1.6	662	2516759	20945	8.253527e-03	3.073334e-03	7799.21	0.000000e+00	0.000000e+00	350.00	35
dyads_m4	-1.5	668	2517427	20277	7.990297e-03	2.926473e-03	7426.52	0.000000e+00	0.000000e+00	350.00	36
dyads_m4	-1.4	600	2518027	19677	7.753862e-03	2.810971e-03	7133.41	0.000000e+00	0.000000e+00	350.00	37
dyads_m4	-1.3	643	2518670	19034	7.500484e-03	2.675519e-03	6789.67	0.000000e+00	0.000000e+00	350.00	38
dyads_m4	-1.2	561	2519231	18473	7.279418e-03	2.569032e-03	6519.44	0.000000e+00	0.000000e+00	350.00	39
dyads_m4	-1.1	569	2519800	17904	7.055199e-03	2.455110e-03	6230.34	0.000000e+00	0.000000e+00	350.00	40
dyads_m4	-1.0	526	2520326	17378	6.847925e-03	2.334771e-03	5924.95	0.000000e+00	0.000000e+00	350.00	41
dyads_m4	-0.9	540	2520866	16838	6.635134e-03	2.240119e-03	5684.76	0.000000e+00	0.000000e+00	350.00	42
dyads_m4	-0.8	521	2521387	16317	6.429830e-03	2.139051e-03	5428.28	0.000000e+00	0.000000e+00	350.00	43
dyads_m4	-0.7	527	2521914	15790	6.222162e-03	2.032624e-03	5158.20	0.000000e+00	0.000000e+00	350.00	44
dyads_m4	-0.6	550	2522464	15240	6.005431e-03	1.940034e-03	4923.23	0.000000e+00	0.000000e+00	350.00	45
dyads_m4	-0.5	501	2522965	14739	5.808008e-03	1.851441e-03	4698.41	0.000000e+00	0.000000e+00	350.00	46
dyads_m4	-0.4	590	2523555	14149	5.575515e-03	1.766401e-03	4482.60	0.000000e+00	0.000000e+00	350.00	47
dyads_m4	-0.3	451	2524006	13698	5.397795e-03	1.692982e-03	4296.29	0.000000e+00	0.000000e+00	350.00	48
dyads_m4	-0.2	480	2524486	13218	5.208647e-03	1.614457e-03	4097.01	0.000000e+00	0.000000e+00	350.00	49
dyads_m4	-0.1	439	2524925	12779	5.035656e-03	1.539183e-03	3905.99	0.000000e+00	0.000000e+00	350.00	50
dyads_m4	0.0	405	2525330	12374	4.876063e-03	1.460095e-03	3705.29	0.000000e+00	0.000000e+00	350.00	51
dyads_m4	0.1	438	2525768	11936	4.703466e-03	1.398293e-03	3548.45	0.000000e+00	0.000000e+00	350.00	52
dyads_m4	0.2	402	2526170	11534	4.545055e-03	1.326109e-03	3365.27	0.000000e+00	0.000000e+00	350.00	53
dyads_m4	0.3	379	2526549	11155	4.395707e-03	1.263248e-03	3205.75	0.000000e+00	0.000000e+00	350.00	54
dyads_m4	0.4	368	2526917	10787	4.250694e-03	1.203252e-03	3053.50	0.000000e+00	0.000000e+00	350.00	55
dyads_m4	0.5	426	2527343	10361	4.082826e-03	1.151475e-03	2922.10	0.000000e+00	0.000000e+00	350.00	56
dyads_m4	0.6	325	2527668	10036	3.954758e-03	1.096392e-03	2782.32	0.000000e+00	0.000000e+00	350.00	57
dyads_m4	0.7	314	2527982	9722	3.831024e-03	1.043758e-03	2648.75	0.000000e+00	0.000000e+00	350.00	58
dyads_m4	0.8	374	2528356	9348	3.683646e-03	9.933938e-04	2520.94	0.000000e+00	0.000000e+00	350.00	59
dyads_m4	0.9	302	2528658	9046	3.564641e-03	9.404105e-04	2386.48	0.000000e+00	0.000000e+00	350.00	60
dyads_m4	1.0	290	2528948	8756	3.450364e-03	8.945608e-04	2270.13	0.000000e+00	0.000000e+00	350.00	61
dyads_m4	1.1	292	2529240	8464	3.335300e-03	8.549800e-04	2169.69	0.000000e+00	0.000000e+00	350.00	62
dyads_m4	1.2	293	2529533	8171	3.219841e-03	8.087304e-04	2052.32	0.000000e+00	0.000000e+00	350.00	63
dyads_m4	1.3	268	2529801	7903	3.114234e-03	7.687403e-04	1950.83	0.000000e+00	0.000000e+00	350.00	64
dyads_m4	1.4	254	2530055	7649	3.014143e-03	7.342341e-04	1863.27	0.000000e+00	0.000000e+00	350.00	65
dyads_m4	1.5	272	2530327	7377	2.906960e-03	6.939502e-04	1761.04	0.000000e+00	0.000000e+00	350.00	66
dyads_m4	1.6	268	2530595	7109	2.801352e-03	6.624686e-04	1681.15	0.000000e+00	0.000000e+00	350.00	67
dyads_m4	1.7	222	2530817	6887	2.713872e-03	6.256313e-04	1587.67	0.000000e+00	0.000000e+00	350.00	68
dyads_m4	1.8	248	2531065	6639	2.616145e-03	5.968329e-04	1514.58	0.000000e+00	0.000000e+00	350.00	69
dyads_m4	1.9	257	2531322	6382	2.514873e-03	5.662854e-04	1437.06	0.000000e+00	0.000000e+00	350.00	70
dyads_m4	2.0	291	2531613	6091	2.400202e-03	5.344108e-04	1356.18	0.000000e+00	0.000000e+00	350.00	71
dyads_m4	2.1	205	2531818	5886	2.319420e-03	5.070038e-04	1286.63	0.000000e+00	0.000000e+00	350.00	72
dyads_m4	2.2	256	2532074	5630	2.218542e-03	4.809477e-04	1220.50	0.000000e+00	0.000000e+00	350.00	73
dyads_m4	2.3	205	2532279	5425	2.137760e-03	4.560722e-04	1157.38	0.000000e+00	0.000000e+00	350.00	74
dyads_m4	2.4	179	2532458	5246	2.067224e-03	4.346991e-04	1103.14	0.000000e+00	0.000000e+00	350.00	75
dyads_m4	2.5	186	2532644	5060	1.993929e-03	4.119735e-04	1045.47	0.000000e+00	0.000000e+00	350.00	76
dyads_m4	2.6	157	2532801	4903	1.932062e-03	3.881887e-04	985.11	0.000000e+00	0.000000e+00	350.00	77
dyads_m4	2.7	158	2532959	4745	1.869801e-03	3.677368e-04	933.21	0.000000e+00	0.000000e+00	350.00	78
dyads_m4	2.8	166	2533125	4579	1.804388e-03	3.502835e-04	888.92	0.000000e+00	0.000000e+00	350.00	79
dyads_m4	2.9	174	2533299	4405	1.735822e-03	3.317677e-04	841.93	0.000000e+00	0.000000e+00	350.00	80
dyads_m4	3.0	182	2533481	4223	1.664103e-03	3.141687e-04	797.27	0.000000e+00	0.000000e+00	350.00	81
dyads_m4	3.1	137	2533618	4086	1.610117e-03	2.957344e-04	750.49	0.000000e+00	0.000000e+00	350.00	82
dyads_m4	3.2	140	2533758	3946	1.554949e-03	2.797490e-04	709.92	0.000000e+00	0.000000e+00	350.00	83
dyads_m4	3.3	154	2533912	3792	1.494265e-03	2.646056e-04	671.49	0.000000e+00	0.000000e+00	350.00	84
dyads_m4	3.4	141	2534053	3651	1.438703e-03	2.515696e-04	638.41	0.000000e+00	0.000000e+00	350.00	85
dyads_m4	3.5	115	2534168	3536	1.393386e-03	2.377944e-04	603.45	0.000000e+00	0.000000e+00	350.00	86
dyads_m4	3.6	116	2534284	3420	1.347675e-03	2.234720e-04	567.11	0.000000e+00	0.000000e+00	350.00	87
dyads_m4	3.7	129	2534413	3291	1.296842e-03	2.111595e-04	535.86	0.000000e+00	0.000000e+00	350.00	88
dyads_m4	3.8	118	2534531	3173	1.250343e-03	2.005667e-04	508.98	0.000000e+00	0.000000e+00	350.00	89
dyads_m4	3.9	130	2534661	3043	1.199116e-03	1.893930e-04	480.62	0.000000e+00	0.000000e+00	350.00	90
dyads_m4	4.0	111	2534772	2932	1.155376e-03	1.787492e-04	453.61	0.000000e+00	0.000000e+00	350.00	91
dyads_m4	4.1	117	2534889	2815	1.109271e-03	1.676678e-04	425.49	0.000000e+00	0.000000e+00	350.00	92
dyads_m4	4.2	125	2535014	2690	1.060014e-03	1.590846e-04	403.71	0.000000e+00	0.000000e+00	350.00	93
dyads_m4	4.3	96	2535110	2594	1.022184e-03	1.491551e-04	378.51	0.000000e+00	0.000000e+00	350.00	94
dyads_m4	4.4	112	2535222	2482	9.780498e-04	1.406516e-04	356.93	0.000000e+00	0.000000e+00	350.00	95
dyads_m4	4.5	112	2535334	2370	9.339154e-04	1.333462e-04	338.39	0.000000e+00	0.000000e+00	350.00	96
dyads_m4	4.6	90	2535424	2280	8.984503e-04	1.249225e-04	317.02	0.000000e+00	0.000000e+00	350.00	97
dyads_m4	4.7	112	2535536	2168	8.543159e-04	1.184101e-04	300.49	0.000000e+00	0.000000e+00	350.00	98
dyads_m4	4.8	109	2535645	2059	8.113637e-04	1.115983e-04	283.20	0.000000e+00	0.000000e+00	350.00	99
dyads_m4	4.9	83	2535728	1976	7.786569e-04	1.045181e-04	265.24	0.000000e+00	0.000000e+00	350.00	100
dyads_m4	5.0	93	2535821	1883	7.420096e-04	9.903630e-05	251.32	0.000000e+00	0.000000e+00	350.00	101
dyads_m4	5.1	83	2535904	1800	7.093029e-04	9.267084e-05	235.17	0.000000e+00	0.000000e+00	350.00	102
dyads_m4	5.2	63	2535967	1737	6.844773e-04	8.772857e-05	222.63	0.000000e+00	0.000000e+00	350.00	103
dyads_m4	5.3	81	2536048	1656	6.525586e-04	8.202290e-05	208.15	0.000000e+00	0.000000e+00	350.00	104
dyads_m4	5.4	64	2536112	1592	6.273390e-04	7.714915e-05	195.78	0.000000e+00	0.000000e+00	350.00	105
dyads_m4	5.5	58	2536170	1534	6.044837e-04	7.301241e-05	185.28	0.000000e+00	0.000000e+00	350.00	106
dyads_m4	5.6	41	2536211	1493	5.883273e-04	6.823474e-05	173.16	0.000000e+00	0.000000e+00	350.00	107
dyads_m4	5.7	52	2536263	1441	5.678363e-04	6.453348e-05	163.77	0.000000e+00	0.000000e+00	350.00	108
dyads_m4	5.8	61	2536324	1380	5.437989e-04	6.059179e-05	153.76	0.000000e+00	0.000000e+00	350.00	109
dyads_m4	5.9	70	2536394	1310	5.162149e-04	5.650851e-05	143.40	0.000000e+00	0.000000e+00	350.00	110
dyads_m4	6.0	62	2536456	1248	4.917833e-04	5.332872e-05	135.33	0.000000e+00	0.000000e+00	350.00	111
dyads_m4	6.1	58	2536514	1190	4.689280e-04	4.968063e-05	126.07	0.000000e+00	0.000000e+00	350.00	112
dyads_m4	6.2	37	2536551	1153	4.543479e-04	4.688233e-05	118.97	0.000000e+00	0.000000e+00	350.00	113
dyads_m4	6.3	45	2536596	1108	4.366153e-04	4.368262e-05	110.85	0.000000e+00	0.000000e+00	350.00	114
dyads_m4	6.4	44	2536640	1064	4.192768e-04	4.097137e-05	103.97	0.000000e+00	0.000000e+00	350.00	115
dyads_m4	6.5	46	2536686	1018	4.011502e-04	3.865570e-05	98.10	0.000000e+00	0.000000e+00	350.00	116
dyads_m4	6.6	43	2536729	975	3.842057e-04	3.597940e-05	91.31	0.000000e+00	0.000000e+00	350.00	117
dyads_m4	6.7	50	2536779	925	3.645029e-04	3.389369e-05	86.01	0.000000e+00	0.000000e+00	350.00	118
dyads_m4	6.8	35	2536814	890	3.507109e-04	3.172105e-05	80.50	0.000000e+00	0.000000e+00	350.00	119
dyads_m4	6.9	42	2536856	848	3.341605e-04	2.949773e-05	74.86	0.000000e+00	0.000000e+00	350.00	120
dyads_m4	7.0	29	2536885	819	3.227328e-04	2.780532e-05	70.56	0.000000e+00	0.000000e+00	350.00	121
dyads_m4	7.1	36	2536921	783	3.085467e-04	2.585710e-05	65.62	0.000000e+00	0.000000e+00	350.00	122
dyads_m4	7.2	43	2536964	740	2.916023e-04	2.436066e-05	61.82	0.000000e+00	0.000000e+00	350.00	123
dyads_m4	7.3	33	2536997	707	2.785984e-04	2.262609e-05	57.42	0.000000e+00	0.000000e+00	350.00	124
dyads_m4	7.4	29	2537026	678	2.671707e-04	2.115007e-05	53.67	0.000000e+00	0.000000e+00	350.00	125
dyads_m4	7.5	39	2537065	639	2.518025e-04	1.990849e-05	50.52	0.000000e+00	0.000000e+00	350.00	126
dyads_m4	7.6	39	2537104	600	2.364343e-04	1.846445e-05	46.86	0.000000e+00	0.000000e+00	350.00	127
dyads_m4	7.7	28	2537132	572	2.254007e-04	1.736405e-05	44.06	0.000000e+00	0.000000e+00	350.00	128
dyads_m4	7.8	33	2537165	539	2.123968e-04	1.620011e-05	41.11	0.000000e+00	0.000000e+00	350.00	129
dyads_m4	7.9	34	2537199	505	1.989989e-04	1.501023e-05	38.09	0.000000e+00	0.000000e+00	350.00	130
dyads_m4	8.0	31	2537230	474	1.867831e-04	1.409144e-05	35.76	0.000000e+00	0.000000e+00	350.00	131
dyads_m4	8.1	21	2537251	453	1.785079e-04	1.313365e-05	33.33	0.000000e+00	0.000000e+00	350.00	132
dyads_m4	8.2	14	2537265	439	1.729911e-04	1.223633e-05	31.05	0.000000e+00	0.000000e+00	350.00	133
dyads_m4	8.3	15	2537280	424	1.670802e-04	1.131572e-05	28.72	0.000000e+00	0.000000e+00	350.00	134
dyads_m4	8.4	14	2537294	410	1.615634e-04	1.053506e-05	26.73	4.150151e-322	8.507810e-320	319.07	135
dyads_m4	8.5	21	2537315	389	1.532882e-04	9.796866e-06	24.86	6.861715e-309	1.406652e-306	305.85	136
dyads_m4	8.6	17	2537332	372	1.465893e-04	9.166366e-06	23.26	8.623457e-299	1.767809e-296	295.75	137
dyads_m4	8.7	34	2537366	338	1.331913e-04	8.508823e-06	21.59	9.846422e-269	2.018516e-266	265.69	138
dyads_m4	8.8	21	2537387	317	1.249161e-04	7.905945e-06	20.06	2.251429e-253	4.615430e-251	250.34	139
dyads_m4	8.9	15	2537402	302	1.190053e-04	7.290477e-06	18.50	1.716466e-245	3.518754e-243	242.45	140
dyads_m4	9.0	8	2537410	294	1.158528e-04	6.784407e-06	17.22	1.851735e-244	3.796057e-242	241.42	141
dyads_m4	9.1	16	2537426	278	1.095479e-04	6.356358e-06	16.13	2.565869e-232	5.260032e-230	229.28	142
dyads_m4	9.2	21	2537447	257	1.012727e-04	5.910129e-06	15.00	2.545500e-214	5.218274e-212	211.28	143
dyads_m4	9.3	15	2537462	242	9.536183e-05	5.438457e-06	13.80	3.249088e-204	6.660630e-202	201.18	144
dyads_m4	9.4	12	2537474	230	9.063314e-05	5.045800e-06	12.80	1.841742e-196	3.775570e-194	193.42	145
dyads_m4	9.5	8	2537482	222	8.748069e-05	4.672319e-06	11.86	1.750636e-193	3.588804e-191	190.45	146
dyads_m4	9.6	9	2537491	213	8.393417e-05	4.365535e-06	11.08	4.770812e-188	9.780165e-186	185.01	147
dyads_m4	9.7	6	2537497	207	8.156983e-05	4.056193e-06	10.29	1.213426e-186	2.487523e-184	183.60	148
dyads_m4	9.8	12	2537509	195	7.684114e-05	3.766220e-06	9.56	4.187187e-177	8.583733e-175	174.07	149
dyads_m4	9.9	12	2537521	183	7.211246e-05	3.465803e-06	8.80	8.177009e-168	1.676287e-165	164.78	150
dyads_m4	10.0	3	2537524	180	7.093029e-05	3.207867e-06	8.14	1.251264e-169	2.565090e-167	166.59	151
dyads_m4	10.1	6	2537530	174	6.856594e-05	2.987333e-06	7.58	9.742306e-167	1.997173e-164	163.70	152
dyads_m4	10.2	9	2537539	165	6.501943e-05	2.753707e-06	6.99	3.685524e-160	7.555325e-158	157.12	153
dyads_m4	10.3	9	2537548	156	6.147291e-05	2.521542e-06	6.40	1.307528e-153	2.680432e-151	150.57	154
dyads_m4	10.4	7	2537555	149	5.871451e-05	2.326990e-06	5.91	6.086178e-149	1.247666e-146	145.90	155
dyads_m4	10.5	14	2537569	135	5.319771e-05	2.147497e-06	5.45	4.267068e-134	8.747490e-132	131.06	156
dyads_m4	10.6	10	2537579	125	4.925714e-05	1.998822e-06	5.07	4.906655e-124	1.005864e-121	121.00	157
dyads_m4	10.7	3	2537582	122	4.807497e-05	1.842864e-06	4.68	5.272792e-124	1.080922e-121	120.97	158
dyads_m4	10.8	4	2537586	118	4.649874e-05	1.698008e-06	4.31	2.136796e-122	4.380431e-120	119.36	159
dyads_m4	10.9	8	2537594	110	4.334629e-05	1.549460e-06	3.93	3.269092e-115	6.701638e-113	112.17	160
dyads_m4	11.0	11	2537605	99	3.901166e-05	1.425229e-06	3.62	5.606209e-103	1.149273e-100	99.94	161
dyads_m4	11.1	15	2537620	84	3.310080e-05	1.322818e-06	3.36	1.650868e-84	3.384280e-82	81.47	162
dyads_m4	11.2	6	2537626	78	3.073646e-05	1.216307e-06	3.09	6.339523e-79	1.299602e-76	75.89	163
dyads_m4	11.3	1	2537627	77	3.034240e-05	1.108754e-06	2.81	1.682113e-80	3.448331e-78	77.46	164
dyads_m4	11.4	2	2537629	75	2.955429e-05	1.018628e-06	2.58	2.701171e-80	5.537401e-78	77.26	165
dyads_m4	11.5	1	2537630	74	2.916023e-05	9.369483e-07	2.38	1.981330e-81	4.061727e-79	78.39	166
dyads_m4	11.6	5	2537635	69	2.718994e-05	8.692365e-07	2.21	3.381864e-76	6.932822e-74	73.16	167
dyads_m4	11.7	2	2537637	67	2.640183e-05	8.027519e-07	2.04	1.864921e-75	3.823089e-73	72.42	168
dyads_m4	11.8	1	2537638	66	2.600777e-05	7.391620e-07	1.88	3.100091e-76	6.355187e-74	73.20	169
dyads_m4	11.9	6	2537644	60	2.364343e-05	6.722470e-07	1.71	1.858403e-69	3.809727e-67	66.42	170
dyads_m4	12.0	3	2537647	57	2.246126e-05	6.149439e-07	1.56	5.531586e-67	1.133975e-64	63.95	171
dyads_m4	12.1	3	2537650	54	2.127909e-05	5.662571e-07	1.44	3.360514e-64	6.889054e-62	61.16	172
dyads_m4	12.2	3	2537653	51	2.009691e-05	5.177200e-07	1.31	1.972393e-61	4.043405e-59	58.39	173
dyads_m4	12.3	4	2537657	47	1.852069e-05	4.707404e-07	1.19	5.113707e-57	1.048310e-54	53.98	174
dyads_m4	12.4	1	2537658	46	1.812663e-05	4.324150e-07	1.10	4.453046e-57	9.128745e-55	54.04	175
dyads_m4	12.5	1	2537659	45	1.773257e-05	3.962841e-07	1.01	4.027234e-57	8.255831e-55	54.08	176
dyads_m4	12.7	3	2537662	42	1.655040e-05	3.319747e-07	0.84	2.332494e-55	4.781613e-53	52.32	177
dyads_m4	12.9	3	2537665	39	1.536823e-05	2.692110e-07	0.68	8.869076e-54	1.818161e-51	50.74	178
dyads_m4	13.0	2	2537667	37	1.458011e-05	2.442539e-07	0.62	8.194895e-52	1.679954e-49	48.77	179
dyads_m4	13.1	2	2537669	35	1.379200e-05	2.249172e-07	0.57	1.663199e-49	3.409558e-47	46.47	180
dyads_m4	13.2	3	2537672	32	1.260983e-05	2.053573e-07	0.52	2.007992e-45	4.116384e-43	42.39	181
dyads_m4	13.3	1	2537673	31	1.221577e-05	1.855525e-07	0.47	5.584314e-45	1.144784e-42	41.94	182
dyads_m4	13.4	3	2537676	28	1.103360e-05	1.687468e-07	0.43	1.054905e-40	2.162556e-38	37.67	183
dyads_m4	13.6	3	2537679	25	9.851429e-06	1.396407e-07	0.35	2.498508e-37	5.121941e-35	34.29	184
dyads_m4	13.7	1	2537680	24	9.457371e-06	1.260364e-07	0.32	1.557446e-36	3.192764e-34	33.50	185
dyads_m4	13.8	2	2537682	22	8.669257e-06	1.145270e-07	0.29	1.052351e-33	2.157319e-31	30.67	186
dyads_m4	13.9	1	2537683	21	8.275200e-06	1.037219e-07	0.26	1.021111e-32	2.093278e-30	29.68	187
dyads_m4	14.0	1	2537684	20	7.881143e-06	9.441904e-08	0.24	1.272835e-31	2.609311e-29	28.58	188
dyads_m4	14.1	3	2537687	17	6.698971e-06	8.670409e-08	0.22	1.516547e-26	3.108922e-24	23.51	189
dyads_m4	14.2	1	2537688	16	6.304914e-06	7.882120e-08	0.20	2.599972e-25	5.329943e-23	22.27	190
dyads_m4	14.6	2	2537690	14	5.516800e-06	5.238521e-08	0.13	5.455052e-24	1.118286e-21	20.95	191
dyads_m4	14.8	1	2537691	13	5.122743e-06	4.199386e-08	0.11	3.325730e-23	6.817746e-21	20.17	192
dyads_m4	15.1	1	2537692	12	4.728686e-06	3.058536e-08	0.08	9.289557e-23	1.904359e-20	19.72	193
dyads_m4	15.3	1	2537693	11	4.334629e-06	2.407537e-08	0.06	1.048743e-21	2.149923e-19	18.67	194
dyads_m4	15.4	1	2537694	10	3.940571e-06	2.144401e-08	0.05	5.973342e-20	1.224535e-17	16.91	195
dyads_m4	15.5	1	2537695	9	3.546514e-06	1.869636e-08	0.05	3.217140e-18	6.595136e-16	15.18	196
dyads_m4	15.6	1	2537696	8	3.152457e-06	1.651226e-08	0.04	2.271332e-16	4.656231e-14	13.33	197
dyads_m4	16.1	1	2537697	7	2.758400e-06	9.805011e-09	0.02	1.146395e-15	2.350109e-13	12.63	198
dyads_m4	16.2	1	2537698	6	2.364343e-06	8.404271e-09	0.02	1.283430e-13	2.631031e-11	10.58	199
dyads_m4	16.9	1	2537699	5	1.970286e-06	3.711461e-09	0.01	6.128261e-13	1.256294e-10	9.90	200
dyads_m4	17.2	1	2537700	4	1.576229e-06	2.439434e-09	0.01	6.089147e-11	1.248275e-08	7.90	201
dyads_m4	17.6	1	2537701	3	1.182171e-06	1.420443e-09	0.00	7.785164e-09	1.595959e-06	5.80	202
dyads_m4	17.7	1	2537702	2	7.881143e-07	1.218991e-09	0.00	4.774818e-06	9.788377e-04	3.01	203
dyads_m4	18.1	1	2537703	1	3.940571e-07	7.374990e-10	0.00	1.869803e-03	3.833097e-01	0.42	204
dyads_m4	19.5	1	2537704	0	0.000000e+00	8.562906e-11	0.00	1.000000e+00	2.050000e+02	-2.31	205
; Number of sequences scanned	7041
; Sum of sequence lengths	1476646
; N residues           	103394
; Matches per matrix
;	matrix	name    	matches	scored
;	1	dyads_m4       	2537703	2537703
;		TOTAL          	2537703	2537703
; Host name	biow
; Job started	2014-10-08.084816
; Job done	2014-10-08.084822
; Seconds	3.46
;	user	3.46
;	system	0.04
;	cuser	0.28
;	csystem	0.02
