; classfreq  -v 1 -ci 20 -o $RSAT/public_html/tmp/apache/2014/10/07/peak-motifs.2014-10-07.093009_2014-10-07.093009_rKpHEN/results/discovered_motifs/positions_6nt_m3/peak-motifs_positions_6nt_m3_site_distrib.tab
;	min                 	minimum of class interval (inclusive)
;	max                 	maximum of class interval (exclusive)
;	center              	center of class interval
;	n                   	occurrences
;	n_cum               	cumulative occurrences (inclusive)
;	n_dcum              	decreasing cumulative occurrences (inclusive)
;	f                   	frequencies
;	f_cum               	cumulative frequencies (inclusive)
;	f_dcum              	decreasing cumulative frequencies (inclusive)
#[min	max[	center	n	n_cum	n_dcum	f	f_cum	f_dcum
-340	-320	-330	1	1	446	0.00224	0.00224	1.00000
-320	-300	-310	0	1	445	0.00000	0.00224	0.99776
-300	-280	-290	0	1	445	0.00000	0.00224	0.99776
-280	-260	-270	3	4	445	0.00673	0.00897	0.99776
-260	-240	-250	0	4	442	0.00000	0.00897	0.99103
-240	-220	-230	1	5	442	0.00224	0.01121	0.99103
-220	-200	-210	6	11	441	0.01345	0.02466	0.98879
-200	-180	-190	8	19	435	0.01794	0.04260	0.97534
-180	-160	-170	11	30	427	0.02466	0.06726	0.95740
-160	-140	-150	21	51	416	0.04709	0.11435	0.93274
-140	-120	-130	23	74	395	0.05157	0.16592	0.88565
-120	-100	-110	27	101	372	0.06054	0.22646	0.83408
-100	-80	-90	21	122	345	0.04709	0.27354	0.77354
-80	-60	-70	36	158	324	0.08072	0.35426	0.72646
-60	-40	-50	18	176	288	0.04036	0.39462	0.64574
-40	-20	-30	30	206	270	0.06726	0.46188	0.60538
-20	0	-10	25	231	240	0.05605	0.51794	0.53812
0	20	10	37	268	215	0.08296	0.60090	0.48206
20	40	30	25	293	178	0.05605	0.65695	0.39910
40	60	50	38	331	153	0.08520	0.74215	0.34305
60	80	70	34	365	115	0.07623	0.81839	0.25785
80	100	90	33	398	81	0.07399	0.89238	0.18161
100	120	110	9	407	48	0.02018	0.91256	0.10762
120	140	130	11	418	39	0.02466	0.93722	0.08744
140	160	150	8	426	28	0.01794	0.95516	0.06278
160	180	170	3	429	20	0.00673	0.96188	0.04484
180	200	190	8	437	17	0.01794	0.97982	0.03812
200	220	210	8	445	9	0.01794	0.99776	0.02018
220	240	230	1	446	1	0.00224	1.00000	0.00224
; Statistics:
; -----------
; class interval     	20
; classes            	29
; count              	446
; sum                	-5745
; mean               	-12.8812
; median class       	[-40..-20[
; var                	1.03e+04
; std                	101.516
; min                	-326.5
; max                	230.5
; range              	557
; Host name	biow
; Job started	2014-10-07.094039
; Job done	2014-10-07.094039
; Seconds	0.22
;	user	0.22
;	system	0.02
;	cuser	0
;	csystem	0
