; classfreq  -v 1 -ci 20 -o $RSAT/public_html/tmp/apache/2014/10/07/peak-motifs.2014-10-07.093009_2014-10-07.093009_rKpHEN/results/discovered_motifs/oligos_7nt_mkv5_m3/peak-motifs_oligos_7nt_mkv5_m3_site_distrib.tab
;	min                 	minimum of class interval (inclusive)
;	max                 	maximum of class interval (exclusive)
;	center              	center of class interval
;	n                   	occurrences
;	n_cum               	cumulative occurrences (inclusive)
;	n_dcum              	decreasing cumulative occurrences (inclusive)
;	f                   	frequencies
;	f_cum               	cumulative frequencies (inclusive)
;	f_dcum              	decreasing cumulative frequencies (inclusive)
#[min	max[	center	n	n_cum	n_dcum	f	f_cum	f_dcum
-260	-240	-250	3	3	539	0.00557	0.00557	1.00000
-240	-220	-230	6	9	536	0.01113	0.01670	0.99443
-220	-200	-210	3	12	530	0.00557	0.02226	0.98330
-200	-180	-190	12	24	527	0.02226	0.04453	0.97774
-180	-160	-170	9	33	515	0.01670	0.06122	0.95547
-160	-140	-150	16	49	506	0.02968	0.09091	0.93878
-140	-120	-130	16	65	490	0.02968	0.12059	0.90909
-120	-100	-110	23	88	474	0.04267	0.16327	0.87941
-100	-80	-90	29	117	451	0.05380	0.21707	0.83673
-80	-60	-70	27	144	422	0.05009	0.26716	0.78293
-60	-40	-50	35	179	395	0.06494	0.33210	0.73284
-40	-20	-30	37	216	360	0.06865	0.40074	0.66790
-20	0	-10	38	254	323	0.07050	0.47124	0.59926
0	20	10	42	296	285	0.07792	0.54917	0.52876
20	40	30	35	331	243	0.06494	0.61410	0.45083
40	60	50	42	373	208	0.07792	0.69202	0.38590
60	80	70	34	407	166	0.06308	0.75510	0.30798
80	100	90	42	449	132	0.07792	0.83302	0.24490
100	120	110	20	469	90	0.03711	0.87013	0.16698
120	140	130	31	500	70	0.05751	0.92764	0.12987
140	160	150	9	509	39	0.01670	0.94434	0.07236
160	180	170	14	523	30	0.02597	0.97032	0.05566
180	200	190	9	532	16	0.01670	0.98701	0.02968
200	220	210	5	537	7	0.00928	0.99629	0.01299
220	240	230	0	537	2	0.00000	0.99629	0.00371
240	260	250	0	537	2	0.00000	0.99629	0.00371
260	280	270	0	537	2	0.00000	0.99629	0.00371
280	300	290	1	538	2	0.00186	0.99814	0.00371
300	320	310	0	538	1	0.00000	0.99814	0.00186
320	340	330	1	539	1	0.00186	1.00000	0.00186
; Statistics:
; -----------
; class interval     	20
; classes            	30
; count              	539
; sum                	1461
; mean               	2.71058
; median class       	[-20..0[
; var                	1.01e+04
; std                	100.377
; min                	-251
; max                	327
; range              	578
; Host name	biow
; Job started	2014-10-07.094133
; Job done	2014-10-07.094133
; Seconds	0.22
;	user	0.22
;	system	0.01
;	cuser	0
;	csystem	0
