; matrix-scan  -v 1 -quick -seq_format fasta -i $RSAT/public_html/tmp/apache/2014/10/07/peak-motifs.2014-10-07.093009_2014-10-07.093009_rKpHEN/data/sequences/peak-motifs_test.fasta -matrix_format transfac -m $RSAT/public_html/tmp/apache/2014/10/07/peak-motifs.2014-10-07.093009_2014-10-07.093009_rKpHEN/results/discovered_motifs/dyads_m2/peak-motifs_dyads_m2.tf -pseudo 1 -2str -decimals 1 -bg_pseudo 0.01 -n score -lth score -5 -bginput -markov 1 -return distrib -return occ_proba -o $RSAT/public_html/tmp/apache/2014/10/07/peak-motifs.2014-10-07.093009_2014-10-07.093009_rKpHEN/results/discovered_motifs/dyads_m2/peak-motifs_dyads_m2_scan_mkv1_enrichment.tab
; Quick counting mode          
; Input files
;	input	/vh/rsat/rsat/public_html/tmp/apache/2014/10/07/peak-motifs.2014-10-07.093009_2014-10-07.093009_rKpHEN/data/sequences/peak-motifs_test.fasta
; Matrix files
;	matrix 1	/vh/rsat/rsat/public_html/tmp/apache/2014/10/07/peak-motifs.2014-10-07.093009_2014-10-07.093009_rKpHEN/results/discovered_motifs/dyads_m2/peak-motifs_dyads_m2.tf
; Sequence format      	fasta
; Output files
;	output	/vh/rsat/rsat/public_html/tmp/apache/2014/10/07/peak-motifs.2014-10-07.093009_2014-10-07.093009_rKpHEN/results/discovered_motifs/dyads_m2/peak-motifs_dyads_m2_scan_mkv1_enrichment.tab
; Pseudo counts        	1
; Background model
;	Method        	input
;	Markov order  	1
;	Strand        	undef
;	Background pseudo-frequency	0.01
;	Residue probabilities
;		a	0.26589
;		c	0.23416
;		g	0.23390
;		t	0.26605
; Thresholds	lower	upper
;	score 	-5   	NA
;
; Matrices
;	matrix	name    	ncol	nrow	pseudo	Wmin	Wmax	Wrange
;	1	dyads_m2	15	4	1	-46.100	16.000	62.100	a:0.266 c:0.234 g:0.234 t:0.266 
;
; Score distribution
#matrix	score	occ	occ_cum	inv_cum	inv_cum_freq	occ_prior	exp_occ	occ_Pval	occ_Eval	occ_sig	occ_sig_rank
dyads_m2	-5.0	1551	2703357	52787	1.915249e-02	1.461951e-02	40293.47	0.000000e+00	0.000000e+00	350.00	1
dyads_m2	-4.9	1519	2704876	51268	1.860136e-02	1.405828e-02	38746.62	0.000000e+00	0.000000e+00	350.00	2
dyads_m2	-4.8	1484	2706360	49784	1.806292e-02	1.361150e-02	37515.24	0.000000e+00	0.000000e+00	350.00	3
dyads_m2	-4.7	1492	2707852	48292	1.752159e-02	1.308156e-02	36054.64	0.000000e+00	0.000000e+00	350.00	4
dyads_m2	-4.6	1383	2709235	46909	1.701980e-02	1.261662e-02	34773.21	0.000000e+00	0.000000e+00	350.00	5
dyads_m2	-4.5	1362	2710597	45547	1.652563e-02	1.220967e-02	33651.60	0.000000e+00	0.000000e+00	350.00	6
dyads_m2	-4.4	1398	2711995	44149	1.601840e-02	1.172772e-02	32323.29	0.000000e+00	0.000000e+00	350.00	7
dyads_m2	-4.3	1279	2713274	42870	1.555435e-02	1.134490e-02	31268.16	0.000000e+00	0.000000e+00	350.00	8
dyads_m2	-4.2	1280	2714554	41590	1.508993e-02	1.093206e-02	30130.32	0.000000e+00	0.000000e+00	350.00	9
dyads_m2	-4.1	1217	2715771	40373	1.464837e-02	1.049233e-02	28918.35	0.000000e+00	0.000000e+00	350.00	10
dyads_m2	-4.0	1232	2717003	39141	1.420137e-02	1.014316e-02	27956.00	0.000000e+00	0.000000e+00	350.00	11
dyads_m2	-3.9	1247	2718250	37894	1.374892e-02	9.731312e-03	26820.89	0.000000e+00	0.000000e+00	350.00	12
dyads_m2	-3.8	1177	2719427	36717	1.332188e-02	9.369765e-03	25824.41	0.000000e+00	0.000000e+00	350.00	13
dyads_m2	-3.7	1101	2720528	35616	1.292241e-02	9.020259e-03	24861.12	0.000000e+00	0.000000e+00	350.00	14
dyads_m2	-3.6	1164	2721692	34452	1.250008e-02	8.715536e-03	24021.26	0.000000e+00	0.000000e+00	350.00	15
dyads_m2	-3.5	1053	2722745	33399	1.211802e-02	8.386947e-03	23115.62	0.000000e+00	0.000000e+00	350.00	16
dyads_m2	-3.4	1033	2723778	32366	1.174322e-02	8.037071e-03	22151.32	0.000000e+00	0.000000e+00	350.00	17
dyads_m2	-3.3	983	2724761	31383	1.138656e-02	7.731678e-03	21309.61	0.000000e+00	0.000000e+00	350.00	18
dyads_m2	-3.2	958	2725719	30425	1.103898e-02	7.464483e-03	20573.18	0.000000e+00	0.000000e+00	350.00	19
dyads_m2	-3.1	964	2726683	29461	1.068921e-02	7.178869e-03	19785.99	0.000000e+00	0.000000e+00	350.00	20
dyads_m2	-3.0	917	2727600	28544	1.035650e-02	6.902616e-03	19024.60	0.000000e+00	0.000000e+00	350.00	21
dyads_m2	-2.9	865	2728465	27679	1.004266e-02	6.608768e-03	18214.71	0.000000e+00	0.000000e+00	350.00	22
dyads_m2	-2.8	862	2729327	26817	9.729902e-03	6.352056e-03	17507.17	0.000000e+00	0.000000e+00	350.00	23
dyads_m2	-2.7	844	2730171	25973	9.423676e-03	6.103863e-03	16823.12	0.000000e+00	0.000000e+00	350.00	24
dyads_m2	-2.6	806	2730977	25167	9.131239e-03	5.887538e-03	16226.90	0.000000e+00	0.000000e+00	350.00	25
dyads_m2	-2.5	768	2731745	24399	8.852589e-03	5.656970e-03	15591.42	0.000000e+00	0.000000e+00	350.00	26
dyads_m2	-2.4	780	2732525	23619	8.569584e-03	5.410646e-03	14912.51	0.000000e+00	0.000000e+00	350.00	27
dyads_m2	-2.3	766	2733291	22853	8.291660e-03	5.195555e-03	14319.69	0.000000e+00	0.000000e+00	350.00	28
dyads_m2	-2.2	690	2733981	22163	8.041310e-03	5.008086e-03	13803.00	0.000000e+00	0.000000e+00	350.00	29
dyads_m2	-2.1	711	2734692	21452	7.783341e-03	4.807812e-03	13251.02	0.000000e+00	0.000000e+00	350.00	30
dyads_m2	-2.0	659	2735351	20793	7.544238e-03	4.613660e-03	12715.91	0.000000e+00	0.000000e+00	350.00	31
dyads_m2	-1.9	651	2736002	20142	7.308039e-03	4.426981e-03	12201.39	0.000000e+00	0.000000e+00	350.00	32
dyads_m2	-1.8	674	2736676	19468	7.063494e-03	4.229442e-03	11656.95	0.000000e+00	0.000000e+00	350.00	33
dyads_m2	-1.7	655	2737331	18813	6.825843e-03	4.055845e-03	11178.49	0.000000e+00	0.000000e+00	350.00	34
dyads_m2	-1.6	591	2737922	18222	6.611413e-03	3.905081e-03	10762.96	0.000000e+00	0.000000e+00	350.00	35
dyads_m2	-1.5	565	2738487	17657	6.406417e-03	3.727518e-03	10273.57	0.000000e+00	0.000000e+00	350.00	36
dyads_m2	-1.4	577	2739064	17080	6.197066e-03	3.587727e-03	9888.29	0.000000e+00	0.000000e+00	350.00	37
dyads_m2	-1.3	541	2739605	16539	6.000777e-03	3.423493e-03	9435.64	0.000000e+00	0.000000e+00	350.00	38
dyads_m2	-1.2	559	2740164	15980	5.797958e-03	3.293493e-03	9077.34	0.000000e+00	0.000000e+00	350.00	39
dyads_m2	-1.1	501	2740665	15479	5.616182e-03	3.154121e-03	8693.21	0.000000e+00	0.000000e+00	350.00	40
dyads_m2	-1.0	529	2741194	14950	5.424247e-03	3.006531e-03	8286.43	0.000000e+00	0.000000e+00	350.00	41
dyads_m2	-0.9	502	2741696	14448	5.242108e-03	2.890300e-03	7966.08	0.000000e+00	0.000000e+00	350.00	42
dyads_m2	-0.8	488	2742184	13960	5.065049e-03	2.766427e-03	7624.67	0.000000e+00	0.000000e+00	350.00	43
dyads_m2	-0.7	481	2742665	13479	4.890530e-03	2.634414e-03	7260.82	0.000000e+00	0.000000e+00	350.00	44
dyads_m2	-0.6	437	2743102	13042	4.731975e-03	2.518819e-03	6942.22	0.000000e+00	0.000000e+00	350.00	45
dyads_m2	-0.5	402	2743504	12640	4.586119e-03	2.408482e-03	6638.12	0.000000e+00	0.000000e+00	350.00	46
dyads_m2	-0.4	405	2743909	12235	4.439175e-03	2.302148e-03	6345.05	0.000000e+00	0.000000e+00	350.00	47
dyads_m2	-0.3	388	2744297	11847	4.298398e-03	2.209936e-03	6090.90	0.000000e+00	0.000000e+00	350.00	48
dyads_m2	-0.2	378	2744675	11469	4.161250e-03	2.111609e-03	5819.90	0.000000e+00	0.000000e+00	350.00	49
dyads_m2	-0.1	390	2745065	11079	4.019748e-03	2.017355e-03	5560.12	0.000000e+00	0.000000e+00	350.00	50
dyads_m2	0.0	369	2745434	10710	3.885865e-03	1.917997e-03	5286.27	0.000000e+00	0.000000e+00	350.00	51
dyads_m2	0.1	372	2745806	10338	3.750894e-03	1.839008e-03	5068.57	0.000000e+00	0.000000e+00	350.00	52
dyads_m2	0.2	352	2746158	9986	3.623179e-03	1.747639e-03	4816.74	0.000000e+00	0.000000e+00	350.00	53
dyads_m2	0.3	335	2746493	9651	3.501633e-03	1.667713e-03	4596.45	0.000000e+00	0.000000e+00	350.00	54
dyads_m2	0.4	340	2746833	9311	3.378272e-03	1.591720e-03	4387.01	0.000000e+00	0.000000e+00	350.00	55
dyads_m2	0.5	319	2747152	8992	3.262530e-03	1.525764e-03	4205.22	0.000000e+00	0.000000e+00	350.00	56
dyads_m2	0.6	288	2747440	8704	3.158036e-03	1.455618e-03	4011.89	0.000000e+00	0.000000e+00	350.00	57
dyads_m2	0.7	280	2747720	8424	3.056445e-03	1.388255e-03	3826.23	0.000000e+00	0.000000e+00	350.00	58
dyads_m2	0.8	263	2747983	8161	2.961022e-03	1.323550e-03	3647.89	0.000000e+00	0.000000e+00	350.00	59
dyads_m2	0.9	274	2748257	7887	2.861608e-03	1.255794e-03	3461.15	0.000000e+00	0.000000e+00	350.00	60
dyads_m2	1.0	269	2748526	7618	2.764008e-03	1.197230e-03	3299.74	0.000000e+00	0.000000e+00	350.00	61
dyads_m2	1.1	283	2748809	7335	2.661328e-03	1.146708e-03	3160.49	0.000000e+00	0.000000e+00	350.00	62
dyads_m2	1.2	241	2749050	7094	2.573887e-03	1.087510e-03	2997.33	0.000000e+00	0.000000e+00	350.00	63
dyads_m2	1.3	211	2749261	6883	2.497331e-03	1.035650e-03	2854.40	0.000000e+00	0.000000e+00	350.00	64
dyads_m2	1.4	243	2749504	6640	2.409164e-03	9.910902e-04	2731.59	0.000000e+00	0.000000e+00	350.00	65
dyads_m2	1.5	191	2749695	6449	2.339864e-03	9.394220e-04	2589.18	0.000000e+00	0.000000e+00	350.00	66
dyads_m2	1.6	211	2749906	6238	2.263308e-03	8.986707e-04	2476.86	0.000000e+00	0.000000e+00	350.00	67
dyads_m2	1.7	194	2750100	6044	2.192920e-03	8.515294e-04	2346.94	0.000000e+00	0.000000e+00	350.00	68
dyads_m2	1.8	198	2750298	5846	2.121080e-03	8.142997e-04	2244.33	0.000000e+00	0.000000e+00	350.00	69
dyads_m2	1.9	202	2750500	5644	2.047789e-03	7.748332e-04	2135.55	0.000000e+00	0.000000e+00	350.00	70
dyads_m2	2.0	192	2750692	5452	1.978127e-03	7.333093e-04	2021.11	0.000000e+00	0.000000e+00	350.00	71
dyads_m2	2.1	168	2750860	5284	1.917172e-03	6.971629e-04	1921.48	0.000000e+00	0.000000e+00	350.00	72
dyads_m2	2.2	183	2751043	5101	1.850775e-03	6.627550e-04	1826.65	0.000000e+00	0.000000e+00	350.00	73
dyads_m2	2.3	153	2751196	4948	1.795262e-03	6.299092e-04	1736.12	0.000000e+00	0.000000e+00	350.00	74
dyads_m2	2.4	138	2751334	4810	1.745192e-03	6.014507e-04	1657.68	0.000000e+00	0.000000e+00	350.00	75
dyads_m2	2.5	173	2751507	4637	1.682424e-03	5.711312e-04	1574.12	0.000000e+00	0.000000e+00	350.00	76
dyads_m2	2.6	138	2751645	4499	1.632354e-03	5.391035e-04	1485.85	0.000000e+00	0.000000e+00	350.00	77
dyads_m2	2.7	158	2751803	4341	1.575027e-03	5.117589e-04	1410.48	0.000000e+00	0.000000e+00	350.00	78
dyads_m2	2.8	143	2751946	4198	1.523143e-03	4.881382e-04	1345.38	0.000000e+00	0.000000e+00	350.00	79
dyads_m2	2.9	140	2752086	4058	1.472347e-03	4.627869e-04	1275.51	0.000000e+00	0.000000e+00	350.00	80
dyads_m2	3.0	137	2752223	3921	1.422640e-03	4.385390e-04	1208.68	0.000000e+00	0.000000e+00	350.00	81
dyads_m2	3.1	106	2752329	3815	1.384181e-03	4.133615e-04	1139.28	0.000000e+00	0.000000e+00	350.00	82
dyads_m2	3.2	117	2752446	3698	1.341730e-03	3.915835e-04	1079.26	0.000000e+00	0.000000e+00	350.00	83
dyads_m2	3.3	128	2752574	3570	1.295288e-03	3.707516e-04	1021.84	0.000000e+00	0.000000e+00	350.00	84
dyads_m2	3.4	132	2752706	3438	1.247395e-03	3.530638e-04	973.09	0.000000e+00	0.000000e+00	350.00	85
dyads_m2	3.5	98	2752804	3340	1.211838e-03	3.341904e-04	921.08	0.000000e+00	0.000000e+00	350.00	86
dyads_m2	3.6	111	2752915	3229	1.171565e-03	3.143873e-04	866.50	0.000000e+00	0.000000e+00	350.00	87
dyads_m2	3.7	96	2753011	3133	1.136733e-03	2.972867e-04	819.36	0.000000e+00	0.000000e+00	350.00	88
dyads_m2	3.8	111	2753122	3022	1.096460e-03	2.823695e-04	778.25	0.000000e+00	0.000000e+00	350.00	89
dyads_m2	3.9	85	2753207	2937	1.065620e-03	2.668763e-04	735.55	0.000000e+00	0.000000e+00	350.00	90
dyads_m2	4.0	93	2753300	2844	1.031877e-03	2.526551e-04	696.35	0.000000e+00	0.000000e+00	350.00	91
dyads_m2	4.1	87	2753387	2757	1.000311e-03	2.371250e-04	653.55	0.000000e+00	0.000000e+00	350.00	92
dyads_m2	4.2	86	2753473	2671	9.691079e-04	2.252546e-04	620.83	0.000000e+00	0.000000e+00	350.00	93
dyads_m2	4.3	73	2753546	2598	9.426216e-04	2.113715e-04	582.57	0.000000e+00	0.000000e+00	350.00	94
dyads_m2	4.4	68	2753614	2530	9.179495e-04	1.996801e-04	550.35	0.000000e+00	0.000000e+00	350.00	95
dyads_m2	4.5	74	2753688	2456	8.911004e-04	1.896377e-04	522.67	0.000000e+00	0.000000e+00	350.00	96
dyads_m2	4.6	85	2753773	2371	8.602602e-04	1.779253e-04	490.39	0.000000e+00	0.000000e+00	350.00	97
dyads_m2	4.7	68	2753841	2303	8.355880e-04	1.689473e-04	465.64	0.000000e+00	0.000000e+00	350.00	98
dyads_m2	4.8	81	2753922	2222	8.061991e-04	1.593887e-04	439.30	0.000000e+00	0.000000e+00	350.00	99
dyads_m2	4.9	62	2753984	2160	7.837039e-04	1.496735e-04	412.52	0.000000e+00	0.000000e+00	350.00	100
dyads_m2	5.0	59	2754043	2101	7.622972e-04	1.419620e-04	391.27	0.000000e+00	0.000000e+00	350.00	101
dyads_m2	5.1	63	2754106	2038	7.394391e-04	1.331150e-04	366.88	0.000000e+00	0.000000e+00	350.00	102
dyads_m2	5.2	70	2754176	1968	7.140413e-04	1.264078e-04	348.40	0.000000e+00	0.000000e+00	350.00	103
dyads_m2	5.3	73	2754249	1895	6.875550e-04	1.185801e-04	326.82	0.000000e+00	0.000000e+00	350.00	104
dyads_m2	5.4	66	2754315	1829	6.636085e-04	1.118063e-04	308.15	0.000000e+00	0.000000e+00	350.00	105
dyads_m2	5.5	62	2754377	1767	6.411133e-04	1.059444e-04	292.00	0.000000e+00	0.000000e+00	350.00	106
dyads_m2	5.6	65	2754442	1702	6.175296e-04	9.927787e-05	273.62	0.000000e+00	0.000000e+00	350.00	107
dyads_m2	5.7	50	2754492	1652	5.993883e-04	9.414880e-05	259.49	0.000000e+00	0.000000e+00	350.00	108
dyads_m2	5.8	54	2754546	1598	5.797958e-04	8.863838e-05	244.30	0.000000e+00	0.000000e+00	350.00	109
dyads_m2	5.9	54	2754600	1544	5.602032e-04	8.294593e-05	228.61	0.000000e+00	0.000000e+00	350.00	110
dyads_m2	6.0	52	2754652	1492	5.413362e-04	7.838795e-05	216.05	0.000000e+00	0.000000e+00	350.00	111
dyads_m2	6.1	53	2754705	1439	5.221064e-04	7.327496e-05	201.96	0.000000e+00	0.000000e+00	350.00	112
dyads_m2	6.2	36	2754741	1403	5.090447e-04	6.934871e-05	191.13	0.000000e+00	0.000000e+00	350.00	113
dyads_m2	6.3	51	2754792	1352	4.905406e-04	6.462612e-05	178.12	0.000000e+00	0.000000e+00	350.00	114
dyads_m2	6.4	41	2754833	1311	4.756647e-04	6.072548e-05	167.37	0.000000e+00	0.000000e+00	350.00	115
dyads_m2	6.5	45	2754878	1266	4.593376e-04	5.736309e-05	158.10	0.000000e+00	0.000000e+00	350.00	116
dyads_m2	6.6	49	2754927	1217	4.415591e-04	5.343095e-05	147.26	0.000000e+00	0.000000e+00	350.00	117
dyads_m2	6.7	45	2754972	1172	4.252319e-04	5.038990e-05	138.88	0.000000e+00	0.000000e+00	350.00	118
dyads_m2	6.8	40	2755012	1132	4.107189e-04	4.714498e-05	129.94	0.000000e+00	0.000000e+00	350.00	119
dyads_m2	6.9	31	2755043	1101	3.994713e-04	4.379264e-05	120.70	0.000000e+00	0.000000e+00	350.00	120
dyads_m2	7.0	34	2755077	1067	3.871352e-04	4.124008e-05	113.66	0.000000e+00	0.000000e+00	350.00	121
dyads_m2	7.1	30	2755107	1037	3.762504e-04	3.821567e-05	105.33	0.000000e+00	0.000000e+00	350.00	122
dyads_m2	7.2	26	2755133	1011	3.668170e-04	3.596780e-05	99.13	0.000000e+00	0.000000e+00	350.00	123
dyads_m2	7.3	32	2755165	979	3.552065e-04	3.336021e-05	91.95	0.000000e+00	0.000000e+00	350.00	124
dyads_m2	7.4	29	2755194	950	3.446846e-04	3.101957e-05	85.49	0.000000e+00	0.000000e+00	350.00	125
dyads_m2	7.5	33	2755227	917	3.327113e-04	2.911253e-05	80.24	0.000000e+00	0.000000e+00	350.00	126
dyads_m2	7.6	24	2755251	893	3.240035e-04	2.699946e-05	74.41	0.000000e+00	0.000000e+00	350.00	127
dyads_m2	7.7	32	2755283	861	3.123931e-04	2.533129e-05	69.82	0.000000e+00	0.000000e+00	350.00	128
dyads_m2	7.8	30	2755313	831	3.015083e-04	2.351560e-05	64.81	0.000000e+00	0.000000e+00	350.00	129
dyads_m2	7.9	35	2755348	796	2.888094e-04	2.177868e-05	60.03	0.000000e+00	0.000000e+00	350.00	130
dyads_m2	8.0	26	2755374	770	2.793759e-04	2.045829e-05	56.39	0.000000e+00	0.000000e+00	350.00	131
dyads_m2	8.1	18	2755392	752	2.728451e-04	1.904154e-05	52.48	0.000000e+00	0.000000e+00	350.00	132
dyads_m2	8.2	29	2755421	723	2.623231e-04	1.779569e-05	49.05	0.000000e+00	0.000000e+00	350.00	133
dyads_m2	8.3	28	2755449	695	2.521640e-04	1.642111e-05	45.26	0.000000e+00	0.000000e+00	350.00	134
dyads_m2	8.4	24	2755473	671	2.434562e-04	1.530274e-05	42.18	0.000000e+00	0.000000e+00	350.00	135
dyads_m2	8.5	21	2755494	650	2.358368e-04	1.428352e-05	39.37	0.000000e+00	0.000000e+00	350.00	136
dyads_m2	8.6	18	2755512	632	2.293060e-04	1.333631e-05	36.76	0.000000e+00	0.000000e+00	350.00	137
dyads_m2	8.7	26	2755538	606	2.198725e-04	1.241665e-05	34.22	0.000000e+00	0.000000e+00	350.00	138
dyads_m2	8.8	28	2755566	578	2.097134e-04	1.160662e-05	31.99	0.000000e+00	0.000000e+00	350.00	139
dyads_m2	8.9	26	2755592	552	2.002799e-04	1.076857e-05	29.68	0.000000e+00	0.000000e+00	350.00	140
dyads_m2	9.0	21	2755613	531	1.926605e-04	1.000550e-05	27.58	0.000000e+00	0.000000e+00	350.00	141
dyads_m2	9.1	17	2755630	514	1.864925e-04	9.366800e-06	25.82	0.000000e+00	0.000000e+00	350.00	142
dyads_m2	9.2	19	2755649	495	1.795988e-04	8.762549e-06	24.15	0.000000e+00	0.000000e+00	350.00	143
dyads_m2	9.3	13	2755662	482	1.748821e-04	8.110986e-06	22.36	0.000000e+00	0.000000e+00	350.00	144
dyads_m2	9.4	21	2755683	461	1.672627e-04	7.576418e-06	20.88	0.000000e+00	0.000000e+00	350.00	145
dyads_m2	9.5	15	2755698	446	1.618203e-04	7.029865e-06	19.38	0.000000e+00	0.000000e+00	350.00	146
dyads_m2	9.6	16	2755714	430	1.560151e-04	6.570069e-06	18.11	0.000000e+00	0.000000e+00	350.00	147
dyads_m2	9.7	9	2755723	421	1.527497e-04	6.122203e-06	16.87	0.000000e+00	0.000000e+00	350.00	148
dyads_m2	9.8	16	2755739	405	1.469445e-04	5.652376e-06	15.58	0.000000e+00	0.000000e+00	350.00	149
dyads_m2	9.9	18	2755757	387	1.404136e-04	5.202952e-06	14.34	0.000000e+00	0.000000e+00	350.00	150
dyads_m2	10.0	15	2755772	372	1.349712e-04	4.852362e-06	13.37	0.000000e+00	0.000000e+00	350.00	151
dyads_m2	10.1	10	2755782	362	1.313430e-04	4.561980e-06	12.57	0.000000e+00	0.000000e+00	350.00	152
dyads_m2	10.2	15	2755797	347	1.259006e-04	4.232943e-06	11.67	0.000000e+00	0.000000e+00	350.00	153
dyads_m2	10.3	17	2755814	330	1.197325e-04	3.821984e-06	10.53	0.000000e+00	0.000000e+00	350.00	154
dyads_m2	10.4	6	2755820	324	1.175556e-04	3.525948e-06	9.72	0.000000e+00	0.000000e+00	350.00	155
dyads_m2	10.5	12	2755832	312	1.132017e-04	3.250247e-06	8.96	0.000000e+00	0.000000e+00	350.00	156
dyads_m2	10.6	20	2755852	292	1.059452e-04	2.990222e-06	8.24	0.000000e+00	0.000000e+00	350.00	157
dyads_m2	10.7	16	2755868	276	1.001399e-04	2.747575e-06	7.57	8.823359e-317	1.799965e-314	313.74	158
dyads_m2	10.8	17	2755885	259	9.397190e-05	2.522689e-06	6.95	8.705392e-300	1.775900e-297	296.75	159
dyads_m2	10.9	8	2755893	251	9.106930e-05	2.298508e-06	6.34	3.841909e-297	7.837495e-295	294.11	160
dyads_m2	11.0	9	2755902	242	8.780386e-05	2.094561e-06	5.77	2.405760e-292	4.907751e-290	289.31	161
dyads_m2	11.1	8	2755910	234	8.490126e-05	1.905643e-06	5.25	8.503315e-289	1.734676e-286	285.76	162
dyads_m2	11.2	17	2755927	217	7.873322e-05	1.746980e-06	4.81	5.007988e-269	1.021630e-266	265.99	163
dyads_m2	11.3	16	2755943	201	7.292800e-05	1.568900e-06	4.32	5.541724e-252	1.130512e-249	248.95	164
dyads_m2	11.4	13	2755956	188	6.821126e-05	1.415326e-06	3.90	1.045641e-238	2.133108e-236	235.67	165
dyads_m2	11.5	13	2755969	175	6.349453e-05	1.278866e-06	3.52	1.485854e-224	3.031142e-222	221.52	166
dyads_m2	11.6	7	2755976	168	6.095475e-05	1.152642e-06	3.18	3.625350e-220	7.395715e-218	217.13	167
dyads_m2	11.7	10	2755986	158	5.732649e-05	1.066255e-06	2.94	2.702336e-208	5.512765e-206	205.26	168
dyads_m2	11.8	5	2755991	153	5.551236e-05	9.468325e-07	2.61	2.022422e-207	4.125742e-205	204.38	169
dyads_m2	11.9	9	2756000	144	5.224693e-05	8.625943e-07	2.38	2.445593e-197	4.989010e-195	194.30	170
dyads_m2	12.0	10	2756010	134	4.861867e-05	7.768794e-07	2.14	1.213375e-185	2.475285e-183	182.61	171
dyads_m2	12.1	7	2756017	127	4.607889e-05	7.152657e-07	1.97	1.276708e-177	2.604484e-175	174.58	172
dyads_m2	12.2	5	2756022	122	4.426476e-05	6.429771e-07	1.77	3.611356e-174	7.367165e-172	171.13	173
dyads_m2	12.3	2	2756024	120	4.353911e-05	5.614410e-07	1.55	1.818749e-177	3.710248e-175	174.43	174
dyads_m2	12.4	7	2756031	113	4.099932e-05	5.161017e-07	1.42	2.144709e-168	4.375206e-166	165.36	175
dyads_m2	12.5	6	2756037	107	3.882237e-05	4.765528e-07	1.31	1.036354e-160	2.114162e-158	157.67	176
dyads_m2	12.6	3	2756040	104	3.773389e-05	4.337347e-07	1.20	3.426707e-159	6.990482e-157	156.16	177
dyads_m2	12.7	4	2756044	100	3.628259e-05	3.988670e-07	1.10	4.672377e-155	9.531648e-153	152.02	178
dyads_m2	12.8	1	2756045	99	3.591976e-05	3.670988e-07	1.01	1.252089e-156	2.554263e-154	153.59	179
dyads_m2	12.9	7	2756052	92	3.337998e-05	3.353278e-07	0.92	2.283028e-146	4.657377e-144	143.33	180
dyads_m2	13.0	2	2756054	90	3.265433e-05	3.095613e-07	0.85	1.800360e-145	3.672735e-143	142.44	181
dyads_m2	13.1	4	2756058	86	3.120303e-05	2.835740e-07	0.78	1.188171e-140	2.423868e-138	137.62	182
dyads_m2	13.2	1	2756059	85	3.084020e-05	2.634380e-07	0.73	2.638260e-141	5.382051e-139	138.27	183
dyads_m2	13.3	9	2756068	76	2.757477e-05	2.423978e-07	0.67	1.333169e-125	2.719665e-123	122.57	184
dyads_m2	13.4	4	2756072	72	2.612346e-05	2.275057e-07	0.63	2.234640e-119	4.558666e-117	116.34	185
dyads_m2	13.5	7	2756079	65	2.358368e-05	2.126683e-07	0.59	5.661826e-107	1.155012e-104	103.94	186
dyads_m2	13.6	4	2756083	61	2.213238e-05	1.985530e-07	0.55	1.228197e-100	2.505521e-98	97.60	187
dyads_m2	13.7	11	2756094	50	1.814129e-05	1.827422e-07	0.50	2.566493e-80	5.235647e-78	77.28	188
dyads_m2	13.8	2	2756096	48	1.741564e-05	1.636411e-07	0.45	1.304310e-78	2.660791e-76	75.57	189
dyads_m2	13.9	5	2756101	43	1.560151e-05	1.420247e-07	0.39	3.445239e-71	7.028287e-69	68.15	190
dyads_m2	14.1	9	2756110	34	1.233608e-05	1.214111e-07	0.33	1.673565e-55	3.414073e-53	52.47	191
dyads_m2	14.2	3	2756113	31	1.124760e-05	1.129368e-07	0.31	1.742709e-50	3.555127e-48	47.45	192
dyads_m2	14.3	2	2756115	29	1.052195e-05	9.436572e-08	0.26	9.607035e-49	1.959835e-46	45.71	193
dyads_m2	14.4	3	2756118	26	9.433473e-06	8.692867e-08	0.24	1.446214e-43	2.950278e-41	40.53	194
dyads_m2	14.5	1	2756119	25	9.070647e-06	7.622202e-08	0.21	6.041557e-43	1.232478e-40	39.91	195
dyads_m2	14.6	1	2756120	24	8.707821e-06	6.442787e-08	0.18	1.312926e-42	2.678369e-40	39.57	196
dyads_m2	14.7	4	2756124	20	7.256518e-06	5.610061e-08	0.15	2.164161e-35	4.414888e-33	32.36	197
dyads_m2	14.9	4	2756128	16	5.805214e-06	4.234450e-08	0.12	5.072796e-29	1.034850e-26	25.99	198
dyads_m2	15.0	1	2756129	15	5.442388e-06	3.806307e-08	0.10	1.421879e-27	2.900633e-25	24.54	199
dyads_m2	15.1	2	2756131	13	4.716736e-06	2.561558e-08	0.07	1.628242e-25	3.321615e-23	22.48	200
dyads_m2	15.3	4	2756135	9	3.265433e-06	1.799407e-08	0.05	4.783341e-18	9.758015e-16	15.01	201
dyads_m2	15.4	7	2756142	2	7.256518e-07	1.572950e-08	0.04	9.130069e-04	1.862534e-01	0.73	202
dyads_m2	15.6	1	2756143	1	3.628259e-07	7.810833e-09	0.02	2.129770e-02	4.344732e+00	-0.64	203
dyads_m2	16.0	1	2756144	0	0.000000e+00	1.871692e-09	0.01	1.000000e+00	2.040000e+02	-2.31	204
; Number of sequences scanned	7041
; Sum of sequence lengths	1476646
; N residues           	0
; Matches per matrix
;	matrix	name    	matches	scored
;	1	dyads_m2       	2756143	2756143
;		TOTAL          	2756143	2756143
; Host name	biow
; Job started	2014-10-07.094311
; Job done	2014-10-07.094317
; Seconds	3.15
;	user	3.15
;	system	0.02
;	cuser	0.27
;	csystem	0.03
