; classfreq  -v 1 -ci 20 -o $RSAT/public_html/tmp/apache/2014/10/07/peak-motifs.2014-10-07.093009_2014-10-07.093009_rKpHEN/results/discovered_motifs/oligos_6nt_mkv4_m3/peak-motifs_oligos_6nt_mkv4_m3_site_distrib.tab
;	min                 	minimum of class interval (inclusive)
;	max                 	maximum of class interval (exclusive)
;	center              	center of class interval
;	n                   	occurrences
;	n_cum               	cumulative occurrences (inclusive)
;	n_dcum              	decreasing cumulative occurrences (inclusive)
;	f                   	frequencies
;	f_cum               	cumulative frequencies (inclusive)
;	f_dcum              	decreasing cumulative frequencies (inclusive)
#[min	max[	center	n	n_cum	n_dcum	f	f_cum	f_dcum
-280	-260	-270	1	1	476	0.00210	0.00210	1.00000
-260	-240	-250	1	2	475	0.00210	0.00420	0.99790
-240	-220	-230	4	6	474	0.00840	0.01261	0.99580
-220	-200	-210	0	6	470	0.00000	0.01261	0.98739
-200	-180	-190	4	10	470	0.00840	0.02101	0.98739
-180	-160	-170	10	20	466	0.02101	0.04202	0.97899
-160	-140	-150	8	28	456	0.01681	0.05882	0.95798
-140	-120	-130	9	37	448	0.01891	0.07773	0.94118
-120	-100	-110	17	54	439	0.03571	0.11345	0.92227
-100	-80	-90	25	79	422	0.05252	0.16597	0.88655
-80	-60	-70	29	108	397	0.06092	0.22689	0.83403
-60	-40	-50	29	137	368	0.06092	0.28782	0.77311
-40	-20	-30	44	181	339	0.09244	0.38025	0.71218
-20	0	-10	52	233	295	0.10924	0.48950	0.61975
0	20	10	51	284	243	0.10714	0.59664	0.51050
20	40	30	51	335	192	0.10714	0.70378	0.40336
40	60	50	40	375	141	0.08403	0.78782	0.29622
60	80	70	23	398	101	0.04832	0.83613	0.21218
80	100	90	17	415	78	0.03571	0.87185	0.16387
100	120	110	16	431	61	0.03361	0.90546	0.12815
120	140	130	22	453	45	0.04622	0.95168	0.09454
140	160	150	7	460	23	0.01471	0.96639	0.04832
160	180	170	4	464	16	0.00840	0.97479	0.03361
180	200	190	6	470	12	0.01261	0.98739	0.02521
200	220	210	1	471	6	0.00210	0.98950	0.01261
220	240	230	1	472	5	0.00210	0.99160	0.01050
240	260	250	2	474	4	0.00420	0.99580	0.00840
260	280	270	1	475	2	0.00210	0.99790	0.00420
280	300	290	0	475	1	0.00000	0.99790	0.00210
300	320	310	1	476	1	0.00210	1.00000	0.00210
; Statistics:
; -----------
; class interval     	20
; classes            	30
; count              	476
; sum                	726
; mean               	1.52521
; median class       	[-20..0[
; var                	7.62e+03
; std                	87.2956
; min                	-264.5
; max                	309.5
; range              	574
; Host name	biow
; Job started	2014-10-07.093950
; Job done	2014-10-07.093950
; Seconds	0.22
;	user	0.22
;	system	0.02
;	cuser	0
;	csystem	0
