; matrix-scan  -v 1 -quick -seq_format fasta -i $RSAT/public_html/tmp/apache/2014/10/08/peak-motifs.2014-10-08.083939_2014-10-08.083939_hIGyA6/data/sequences/peak-motifs_test.fasta -matrix_format transfac -m $RSAT/public_html/tmp/apache/2014/10/08/peak-motifs.2014-10-08.083939_2014-10-08.083939_hIGyA6/results/discovered_motifs/positions_6nt/peak-motifs_positions_6nt.tf -pseudo 1 -2str -decimals 1 -bg_pseudo 0.01 -n score -lth score -5 -bginput -markov 1 -return distrib -return occ_proba -o $RSAT/public_html/tmp/apache/2014/10/08/peak-motifs.2014-10-08.083939_2014-10-08.083939_hIGyA6/results/discovered_motifs/positions_6nt/peak-motifs_positions_6nt_scan_mkv1_enrichment.tab
; Quick counting mode          
; Input files
;	input	/vh/rsat/rsat/public_html/tmp/apache/2014/10/08/peak-motifs.2014-10-08.083939_2014-10-08.083939_hIGyA6/data/sequences/peak-motifs_test.fasta
; Matrix files
;	matrix 1	/vh/rsat/rsat/public_html/tmp/apache/2014/10/08/peak-motifs.2014-10-08.083939_2014-10-08.083939_hIGyA6/results/discovered_motifs/positions_6nt/peak-motifs_positions_6nt.tf
; Sequence format      	fasta
; Output files
;	output	/vh/rsat/rsat/public_html/tmp/apache/2014/10/08/peak-motifs.2014-10-08.083939_2014-10-08.083939_hIGyA6/results/discovered_motifs/positions_6nt/peak-motifs_positions_6nt_scan_mkv1_enrichment.tab
; Pseudo counts        	1
; Background model
;	Method        	input
;	Markov order  	1
;	Strand        	undef
;	Background pseudo-frequency	0.01
;	Residue probabilities
;		a	0.29701
;		c	0.20351
;		g	0.20377
;		t	0.29571
; Thresholds	lower	upper
;	score 	-5   	NA
;
; Matrices
;	matrix	name         	ncol	nrow	pseudo	Wmin	Wmax	Wrange
;	1	positions_6nt	10	4	1	-19.500	12.800	32.300	a:0.297 c:0.204 g:0.204 t:0.296 
;
; Score distribution
#matrix	score	occ	occ_cum	inv_cum	inv_cum_freq	occ_prior	exp_occ	occ_Pval	occ_Eval	occ_sig	occ_sig_rank
positions_6nt	-5.0	4089	2529245	99809	3.796424e-02	3.185145e-02	83738.32	0.000000e+00	0.000000e+00	350.00	1
positions_6nt	-4.9	4467	2533712	95342	3.626513e-02	2.974342e-02	78196.25	0.000000e+00	0.000000e+00	350.00	2
positions_6nt	-4.8	4090	2537802	91252	3.470942e-02	2.785801e-02	73239.46	0.000000e+00	0.000000e+00	350.00	3
positions_6nt	-4.7	3411	2541213	87841	3.341198e-02	2.566974e-02	67486.45	0.000000e+00	0.000000e+00	350.00	4
positions_6nt	-4.6	2906	2544119	84935	3.230663e-02	2.391442e-02	62871.66	0.000000e+00	0.000000e+00	350.00	5
positions_6nt	-4.5	2499	2546618	82436	3.135609e-02	2.256658e-02	59328.15	0.000000e+00	0.000000e+00	350.00	6
positions_6nt	-4.4	1698	2548316	80738	3.071022e-02	2.129375e-02	55981.85	0.000000e+00	0.000000e+00	350.00	7
positions_6nt	-4.3	1284	2549600	79454	3.022183e-02	2.045346e-02	53772.71	0.000000e+00	0.000000e+00	350.00	8
positions_6nt	-4.2	838	2550438	78616	2.990308e-02	1.976762e-02	51969.60	0.000000e+00	0.000000e+00	350.00	9
positions_6nt	-4.1	1121	2551559	77495	2.947668e-02	1.925109e-02	50611.64	0.000000e+00	0.000000e+00	350.00	10
positions_6nt	-4.0	2316	2553875	75179	2.859575e-02	1.898616e-02	49915.12	0.000000e+00	0.000000e+00	350.00	11
positions_6nt	-3.9	1019	2554894	74160	2.820815e-02	1.862377e-02	48962.39	0.000000e+00	0.000000e+00	350.00	12
positions_6nt	-3.8	2808	2557702	71352	2.714008e-02	1.826062e-02	48007.66	0.000000e+00	0.000000e+00	350.00	13
positions_6nt	-3.7	3692	2561394	67660	2.573576e-02	1.782019e-02	46849.75	0.000000e+00	0.000000e+00	350.00	14
positions_6nt	-3.6	4794	2566188	62866	2.391227e-02	1.708199e-02	44909.01	0.000000e+00	0.000000e+00	350.00	15
positions_6nt	-3.5	3336	2569524	59530	2.264336e-02	1.605497e-02	42208.96	0.000000e+00	0.000000e+00	350.00	16
positions_6nt	-3.4	4252	2573776	55278	2.102603e-02	1.492659e-02	39242.41	0.000000e+00	0.000000e+00	350.00	17
positions_6nt	-3.3	4636	2578412	50642	1.926264e-02	1.380603e-02	36296.42	0.000000e+00	0.000000e+00	350.00	18
positions_6nt	-3.2	2907	2581319	47735	1.815691e-02	1.272217e-02	33446.93	0.000000e+00	0.000000e+00	350.00	19
positions_6nt	-3.1	2500	2583819	45235	1.720599e-02	1.174111e-02	30867.71	0.000000e+00	0.000000e+00	350.00	20
positions_6nt	-3.0	1650	2585469	43585	1.657838e-02	1.091575e-02	28697.79	0.000000e+00	0.000000e+00	350.00	21
positions_6nt	-2.9	1111	2586580	42474	1.615579e-02	1.033062e-02	27159.47	0.000000e+00	0.000000e+00	350.00	22
positions_6nt	-2.8	681	2587261	41793	1.589676e-02	9.986852e-03	26255.70	0.000000e+00	0.000000e+00	350.00	23
positions_6nt	-2.7	421	2587682	41372	1.573662e-02	9.768274e-03	25681.06	0.000000e+00	0.000000e+00	350.00	24
positions_6nt	-2.6	1476	2589158	39896	1.517520e-02	9.642452e-03	25350.27	0.000000e+00	0.000000e+00	350.00	25
positions_6nt	-2.5	165	2589323	39731	1.511244e-02	9.579006e-03	25183.47	0.000000e+00	0.000000e+00	350.00	26
positions_6nt	-2.4	320	2589643	39411	1.499072e-02	9.537329e-03	25073.90	0.000000e+00	0.000000e+00	350.00	27
positions_6nt	-2.3	407	2590050	39004	1.483591e-02	9.499767e-03	24975.14	0.000000e+00	0.000000e+00	350.00	28
positions_6nt	-2.2	1397	2591447	37607	1.430453e-02	9.441314e-03	24821.47	0.000000e+00	0.000000e+00	350.00	29
positions_6nt	-2.1	1637	2593084	35970	1.368187e-02	9.266621e-03	24362.20	0.000000e+00	0.000000e+00	350.00	30
positions_6nt	-2.0	1813	2594897	34157	1.299226e-02	8.978586e-03	23604.95	0.000000e+00	0.000000e+00	350.00	31
positions_6nt	-1.9	2612	2597509	31545	1.199874e-02	8.572390e-03	22537.05	0.000000e+00	0.000000e+00	350.00	32
positions_6nt	-1.8	3687	2601196	27858	1.059632e-02	7.903024e-03	20777.26	0.000000e+00	0.000000e+00	350.00	33
positions_6nt	-1.7	3002	2604198	24856	9.454448e-03	7.068352e-03	18582.89	0.000000e+00	0.000000e+00	350.00	34
positions_6nt	-1.6	2879	2607077	21977	8.359366e-03	6.205880e-03	16315.43	0.000000e+00	0.000000e+00	350.00	35
positions_6nt	-1.5	2401	2609478	19576	7.446101e-03	5.224392e-03	13735.07	0.000000e+00	0.000000e+00	350.00	36
positions_6nt	-1.4	2347	2611825	17229	6.553375e-03	4.461792e-03	11730.17	0.000000e+00	0.000000e+00	350.00	37
positions_6nt	-1.3	1546	2613371	15683	5.965325e-03	3.672120e-03	9654.10	0.000000e+00	0.000000e+00	350.00	38
positions_6nt	-1.2	1404	2614775	14279	5.431287e-03	3.192350e-03	8392.77	0.000000e+00	0.000000e+00	350.00	39
positions_6nt	-1.1	977	2615752	13302	5.059667e-03	2.790951e-03	7337.49	0.000000e+00	0.000000e+00	350.00	40
positions_6nt	-1.0	408	2616160	12894	4.904476e-03	2.485503e-03	6534.45	0.000000e+00	0.000000e+00	350.00	41
positions_6nt	-0.9	239	2616399	12655	4.813568e-03	2.345714e-03	6166.95	0.000000e+00	0.000000e+00	350.00	42
positions_6nt	-0.8	283	2616682	12372	4.705924e-03	2.249367e-03	5913.65	0.000000e+00	0.000000e+00	350.00	43
positions_6nt	-0.7	162	2616844	12210	4.644304e-03	2.181314e-03	5734.73	0.000000e+00	0.000000e+00	350.00	44
positions_6nt	-0.6	311	2617155	11899	4.526009e-03	2.152339e-03	5658.56	0.000000e+00	0.000000e+00	350.00	45
positions_6nt	-0.5	178	2617333	11721	4.458303e-03	2.134365e-03	5611.30	0.000000e+00	0.000000e+00	350.00	46
positions_6nt	-0.4	267	2617600	11454	4.356745e-03	2.119080e-03	5571.12	0.000000e+00	0.000000e+00	350.00	47
positions_6nt	-0.3	237	2617837	11217	4.266597e-03	2.098370e-03	5516.67	0.000000e+00	0.000000e+00	350.00	48
positions_6nt	-0.2	253	2618090	10964	4.170364e-03	2.061147e-03	5418.81	0.000000e+00	0.000000e+00	350.00	49
positions_6nt	-0.1	228	2618318	10736	4.083640e-03	2.015339e-03	5298.38	0.000000e+00	0.000000e+00	350.00	50
positions_6nt	0.0	222	2618540	10514	3.999198e-03	1.956142e-03	5142.75	0.000000e+00	0.000000e+00	350.00	51
positions_6nt	0.1	190	2618730	10324	3.926928e-03	1.897949e-03	4989.76	0.000000e+00	0.000000e+00	350.00	52
positions_6nt	0.2	273	2619003	10051	3.823087e-03	1.825470e-03	4799.21	0.000000e+00	0.000000e+00	350.00	53
positions_6nt	0.3	179	2619182	9872	3.755001e-03	1.764139e-03	4637.97	0.000000e+00	0.000000e+00	350.00	54
positions_6nt	0.4	92	2619274	9780	3.720007e-03	1.710963e-03	4498.17	0.000000e+00	0.000000e+00	350.00	55
positions_6nt	0.5	63	2619337	9717	3.696044e-03	1.673968e-03	4400.91	0.000000e+00	0.000000e+00	350.00	56
positions_6nt	0.6	47	2619384	9670	3.678167e-03	1.643540e-03	4320.91	0.000000e+00	0.000000e+00	350.00	57
positions_6nt	0.7	36	2619420	9634	3.664474e-03	1.619048e-03	4256.52	0.000000e+00	0.000000e+00	350.00	58
positions_6nt	0.8	46	2619466	9588	3.646977e-03	1.598917e-03	4203.60	0.000000e+00	0.000000e+00	350.00	59
positions_6nt	0.9	119	2619585	9469	3.601713e-03	1.586191e-03	4170.14	0.000000e+00	0.000000e+00	350.00	60
positions_6nt	1.0	149	2619734	9320	3.545038e-03	1.572205e-03	4133.37	0.000000e+00	0.000000e+00	350.00	61
positions_6nt	1.1	155	2619889	9165	3.486081e-03	1.548807e-03	4071.86	0.000000e+00	0.000000e+00	350.00	62
positions_6nt	1.2	430	2620319	8735	3.322522e-03	1.525548e-03	4010.71	0.000000e+00	0.000000e+00	350.00	63
positions_6nt	1.3	690	2621009	8045	3.060067e-03	1.451299e-03	3815.51	0.000000e+00	0.000000e+00	350.00	64
positions_6nt	1.4	490	2621499	7555	2.873687e-03	1.347415e-03	3542.39	0.000000e+00	0.000000e+00	350.00	65
positions_6nt	1.5	519	2622018	7036	2.676275e-03	1.225512e-03	3221.90	0.000000e+00	0.000000e+00	350.00	66
positions_6nt	1.6	642	2622660	6394	2.432078e-03	1.092306e-03	2871.70	0.000000e+00	0.000000e+00	350.00	67
positions_6nt	1.7	847	2623507	5547	2.109906e-03	9.069591e-04	2384.42	0.000000e+00	0.000000e+00	350.00	68
positions_6nt	1.8	541	2624048	5006	1.904127e-03	7.568226e-04	1989.71	0.000000e+00	0.000000e+00	350.00	69
positions_6nt	1.9	361	2624409	4645	1.766813e-03	6.233121e-04	1638.70	0.000000e+00	0.000000e+00	350.00	70
positions_6nt	2.0	254	2624663	4391	1.670200e-03	5.328685e-04	1400.93	0.000000e+00	0.000000e+00	350.00	71
positions_6nt	2.1	174	2624837	4217	1.604015e-03	4.646651e-04	1221.62	0.000000e+00	0.000000e+00	350.00	72
positions_6nt	2.2	143	2624980	4074	1.549623e-03	4.199301e-04	1104.01	0.000000e+00	0.000000e+00	350.00	73
positions_6nt	2.3	32	2625012	4042	1.537451e-03	3.963712e-04	1042.07	0.000000e+00	0.000000e+00	350.00	74
positions_6nt	2.4	60	2625072	3982	1.514629e-03	3.935463e-04	1034.64	0.000000e+00	0.000000e+00	350.00	75
positions_6nt	2.5	30	2625102	3952	1.503218e-03	3.899429e-04	1025.17	0.000000e+00	0.000000e+00	350.00	76
positions_6nt	2.7	116	2625218	3836	1.459095e-03	3.886259e-04	1021.71	0.000000e+00	0.000000e+00	350.00	77
positions_6nt	2.8	143	2625361	3693	1.404702e-03	3.849519e-04	1012.05	0.000000e+00	0.000000e+00	350.00	78
positions_6nt	2.9	161	2625522	3532	1.343463e-03	3.773072e-04	991.95	0.000000e+00	0.000000e+00	350.00	79
positions_6nt	3.0	193	2625715	3339	1.270052e-03	3.678544e-04	967.10	0.000000e+00	0.000000e+00	350.00	80
positions_6nt	3.1	401	2626116	2938	1.117524e-03	3.479056e-04	914.65	0.000000e+00	0.000000e+00	350.00	81
positions_6nt	3.2	349	2626465	2589	9.847750e-04	3.205572e-04	842.75	0.000000e+00	0.000000e+00	350.00	82
positions_6nt	3.3	274	2626739	2315	8.805539e-04	2.828352e-04	743.58	0.000000e+00	0.000000e+00	350.00	83
positions_6nt	3.4	242	2626981	2073	7.885046e-04	2.463369e-04	647.63	0.000000e+00	0.000000e+00	350.00	84
positions_6nt	3.5	172	2627153	1901	7.230812e-04	2.056409e-04	540.64	0.000000e+00	0.000000e+00	350.00	85
positions_6nt	3.6	263	2627416	1638	6.230442e-04	1.636488e-04	430.24	0.000000e+00	0.000000e+00	350.00	86
positions_6nt	3.7	118	2627534	1520	5.781607e-04	1.347427e-04	354.24	0.000000e+00	0.000000e+00	350.00	87
positions_6nt	3.8	76	2627610	1444	5.492526e-04	1.148829e-04	302.03	0.000000e+00	0.000000e+00	350.00	88
positions_6nt	3.9	65	2627675	1379	5.245287e-04	9.914093e-05	260.64	0.000000e+00	0.000000e+00	350.00	89
positions_6nt	4.0	25	2627700	1354	5.150194e-04	9.166269e-05	240.98	0.000000e+00	0.000000e+00	350.00	90
positions_6nt	4.1	8	2627708	1346	5.119765e-04	8.502407e-05	223.53	0.000000e+00	0.000000e+00	350.00	91
positions_6nt	4.2	12	2627720	1334	5.074121e-04	8.232802e-05	216.44	0.000000e+00	0.000000e+00	350.00	92
positions_6nt	4.3	36	2627756	1298	4.937188e-04	8.007952e-05	210.53	0.000000e+00	0.000000e+00	350.00	93
positions_6nt	4.4	1	2627757	1297	4.933384e-04	7.953717e-05	209.11	0.000000e+00	0.000000e+00	350.00	94
positions_6nt	4.5	45	2627802	1252	4.762218e-04	7.920696e-05	208.24	0.000000e+00	0.000000e+00	350.00	95
positions_6nt	4.6	23	2627825	1229	4.674733e-04	7.888884e-05	207.40	0.000000e+00	0.000000e+00	350.00	96
positions_6nt	4.7	21	2627846	1208	4.594856e-04	7.856113e-05	206.54	0.000000e+00	0.000000e+00	350.00	97
positions_6nt	4.8	40	2627886	1168	4.442708e-04	7.785035e-05	204.67	0.000000e+00	0.000000e+00	350.00	98
positions_6nt	4.9	4	2627890	1164	4.427494e-04	7.733194e-05	203.31	0.000000e+00	0.000000e+00	350.00	99
positions_6nt	5.0	11	2627901	1153	4.385653e-04	7.654872e-05	201.25	0.000000e+00	0.000000e+00	350.00	100
positions_6nt	5.1	4	2627905	1149	4.370438e-04	7.562662e-05	198.82	0.000000e+00	0.000000e+00	350.00	101
positions_6nt	5.2	7	2627912	1142	4.343812e-04	7.480517e-05	196.66	0.000000e+00	0.000000e+00	350.00	102
positions_6nt	5.3	2	2627914	1140	4.336205e-04	7.423658e-05	195.17	0.000000e+00	0.000000e+00	350.00	103
positions_6nt	5.4	4	2627918	1136	4.320990e-04	7.370923e-05	193.78	0.000000e+00	0.000000e+00	350.00	104
positions_6nt	5.5	2	2627920	1134	4.313383e-04	7.335107e-05	192.84	0.000000e+00	0.000000e+00	350.00	105
positions_6nt	5.7	2	2627922	1132	4.305775e-04	7.290208e-05	191.66	0.000000e+00	0.000000e+00	350.00	106
positions_6nt	5.8	2	2627924	1130	4.298168e-04	7.275427e-05	191.27	0.000000e+00	0.000000e+00	350.00	107
positions_6nt	5.9	28	2627952	1102	4.191665e-04	7.268641e-05	191.09	0.000000e+00	0.000000e+00	350.00	108
positions_6nt	6.1	37	2627989	1065	4.050928e-04	7.202186e-05	189.35	0.000000e+00	0.000000e+00	350.00	109
positions_6nt	6.2	119	2628108	946	3.598289e-04	6.999609e-05	184.02	0.000000e+00	0.000000e+00	350.00	110
positions_6nt	6.3	68	2628176	878	3.339639e-04	6.518640e-05	171.38	1.219937e-318	1.842105e-316	315.73	111
positions_6nt	6.4	60	2628236	818	3.111417e-04	6.132713e-05	161.23	3.128912e-294	4.724657e-292	291.33	112
positions_6nt	6.5	71	2628307	747	2.841355e-04	5.522382e-05	145.18	1.506103e-272	2.274216e-270	269.64	113
positions_6nt	6.6	59	2628366	688	2.616938e-04	4.346772e-05	114.28	1.035097e-289	1.562996e-287	286.81	114
positions_6nt	6.7	95	2628461	593	2.255587e-04	3.300490e-05	86.77	1.407050e-277	2.124645e-275	274.67	115
positions_6nt	6.8	73	2628534	520	1.977918e-04	2.601641e-05	68.40	2.068995e-264	3.124182e-262	261.51	116
positions_6nt	6.9	17	2628551	503	1.913255e-04	1.926867e-05	50.66	1.894549e-307	2.860769e-305	304.54	117
positions_6nt	7.0	43	2628594	460	1.749697e-04	1.302121e-05	34.23	0.000000e+00	0.000000e+00	350.00	118
positions_6nt	7.1	22	2628616	438	1.666016e-04	9.124648e-06	23.99	0.000000e+00	0.000000e+00	350.00	119
positions_6nt	7.2	14	2628630	424	1.612764e-04	8.400009e-06	22.08	0.000000e+00	0.000000e+00	350.00	120
positions_6nt	7.7	11	2628641	413	1.570923e-04	7.677297e-06	20.18	0.000000e+00	0.000000e+00	350.00	121
positions_6nt	7.8	11	2628652	402	1.529083e-04	7.531039e-06	19.80	0.000000e+00	0.000000e+00	350.00	122
positions_6nt	7.9	27	2628679	375	1.426383e-04	7.531039e-06	19.80	0.000000e+00	0.000000e+00	350.00	123
positions_6nt	8.0	29	2628708	346	1.316076e-04	7.300300e-06	19.19	5.277613e-295	7.969196e-293	292.10	124
positions_6nt	8.1	45	2628753	301	1.144910e-04	6.883623e-06	18.10	5.465070e-247	8.252256e-245	244.08	125
positions_6nt	8.2	25	2628778	276	1.049818e-04	6.288362e-06	16.53	4.526873e-227	6.835578e-225	224.17	126
positions_6nt	8.3	14	2628792	262	9.965664e-05	5.661552e-06	14.88	2.473545e-221	3.735052e-219	218.43	127
positions_6nt	8.4	22	2628814	240	9.128853e-05	4.892321e-06	12.86	1.144701e-208	1.728499e-206	205.76	128
positions_6nt	8.5	10	2628824	230	8.748484e-05	3.911926e-06	10.28	2.898718e-217	4.377063e-215	214.36	129
positions_6nt	8.6	4	2628828	226	8.596336e-05	3.212372e-06	8.45	2.026907e-230	3.060630e-228	227.51	130
positions_6nt	8.7	42	2628870	184	6.998787e-05	2.620864e-06	6.89	8.120300e-188	1.226165e-185	184.91	131
positions_6nt	8.8	4	2628874	180	6.846639e-05	2.269261e-06	5.97	5.500715e-193	8.306080e-191	190.08	132
positions_6nt	9.1	2	2628876	178	6.770566e-05	1.955607e-06	5.14	3.582206e-201	5.409132e-199	198.27	133
positions_6nt	9.6	2	2628878	176	6.694492e-05	1.865670e-06	4.90	1.361490e-201	2.055851e-199	198.69	134
positions_6nt	10.0	2	2628880	174	6.618418e-05	1.851655e-06	4.87	4.871039e-199	7.355268e-197	196.13	135
positions_6nt	11.2	32	2628912	142	5.401238e-05	1.749272e-06	4.60	4.801724e-154	7.250603e-152	151.14	136
positions_6nt	11.4	20	2628932	122	4.640500e-05	1.614551e-06	4.24	5.935144e-129	8.962068e-127	126.05	137
positions_6nt	11.5	24	2628956	98	3.727615e-05	1.237646e-06	3.25	6.928921e-106	1.046267e-103	102.98	138
positions_6nt	11.6	10	2628966	88	3.347246e-05	9.768253e-07	2.57	4.724453e-100	7.133925e-98	97.15	139
positions_6nt	11.7	10	2628976	78	2.966877e-05	7.996405e-07	2.10	1.636931e-91	2.471766e-89	88.61	140
positions_6nt	11.8	26	2629002	52	1.977918e-05	5.274591e-07	1.39	7.683781e-62	1.160251e-59	58.94	141
positions_6nt	11.9	2	2629004	50	1.901844e-05	1.751423e-07	0.46	3.019927e-82	4.560090e-80	79.34	142
positions_6nt	12.0	5	2629009	45	1.711660e-05	9.124166e-08	0.24	8.309775e-85	1.254776e-82	81.90	143
positions_6nt	12.1	3	2629012	42	1.597549e-05	6.547581e-08	0.17	4.852373e-84	7.327083e-82	81.14	144
positions_6nt	13.0	6	2629018	36	1.369328e-05	5.978235e-08	0.16	2.705206e-71	4.084861e-69	68.39	145
positions_6nt	13.4	6	2629024	30	1.141107e-05	4.332504e-08	0.11	1.676566e-61	2.531615e-59	58.60	146
positions_6nt	16.4	8	2629032	22	8.368115e-06	1.823488e-08	0.05	8.028572e-51	1.212314e-48	47.92	147
positions_6nt	16.6	6	2629038	16	6.085902e-06	1.502405e-08	0.04	1.616331e-36	2.440659e-34	33.61	148
positions_6nt	16.7	6	2629044	10	3.803689e-06	6.294742e-09	0.02	4.182405e-25	6.315431e-23	22.20	149
positions_6nt	16.8	2	2629046	8	3.042951e-06	1.356957e-10	0.00	6.504693e-33	9.822087e-31	30.01	150
positions_6nt	16.9	2	2629048	6	2.282213e-06	1.356957e-10	0.00	2.862197e-24	4.321917e-22	21.36	151
positions_6nt	21.7	6	2629054	0	0.000000e+00	1.356957e-10	NA	NA	NA	NA	152
; Number of sequences scanned	7041
; Sum of sequence lengths	1476646
; N residues           	103394
; Matches per matrix
;	matrix	name         	matches	scored
;	1	positions_6nt  	2629027	2629027
;		TOTAL          	2629027	2629027
; Host name	biow
; Job started	2014-10-08.084628
; Job done	2014-10-08.084632
; Seconds	2.15
;	user	2.15
;	system	0.02
;	cuser	0.27
;	csystem	0.04
