; classfreq  -v 1 -ci 20 -o $RSAT/public_html/tmp/apache/2014/10/08/peak-motifs.2014-10-08.083939_2014-10-08.083939_hIGyA6/results/discovered_motifs/positions_6nt/peak-motifs_positions_6nt_site_distrib.tab
;	min                 	minimum of class interval (inclusive)
;	max                 	maximum of class interval (exclusive)
;	center              	center of class interval
;	n                   	occurrences
;	n_cum               	cumulative occurrences (inclusive)
;	n_dcum              	decreasing cumulative occurrences (inclusive)
;	f                   	frequencies
;	f_cum               	cumulative frequencies (inclusive)
;	f_dcum              	decreasing cumulative frequencies (inclusive)
#[min	max[	center	n	n_cum	n_dcum	f	f_cum	f_dcum
-340	-320	-330	2	2	424	0.00472	0.00472	1.00000
-320	-300	-310	0	2	422	0.00000	0.00472	0.99528
-300	-280	-290	0	2	422	0.00000	0.00472	0.99528
-280	-260	-270	0	2	422	0.00000	0.00472	0.99528
-260	-240	-250	0	2	422	0.00000	0.00472	0.99528
-240	-220	-230	0	2	422	0.00000	0.00472	0.99528
-220	-200	-210	0	2	422	0.00000	0.00472	0.99528
-200	-180	-190	4	6	422	0.00943	0.01415	0.99528
-180	-160	-170	0	6	418	0.00000	0.01415	0.98585
-160	-140	-150	8	14	418	0.01887	0.03302	0.98585
-140	-120	-130	20	34	410	0.04717	0.08019	0.96698
-120	-100	-110	34	68	390	0.08019	0.16038	0.91981
-100	-80	-90	32	100	356	0.07547	0.23585	0.83962
-80	-60	-70	12	112	324	0.02830	0.26415	0.76415
-60	-40	-50	18	130	312	0.04245	0.30660	0.73585
-40	-20	-30	40	170	294	0.09434	0.40094	0.69340
-20	0	-10	60	230	254	0.14151	0.54245	0.59906
0	20	10	34	264	194	0.08019	0.62264	0.45755
20	40	30	18	282	160	0.04245	0.66509	0.37736
40	60	50	44	326	142	0.10377	0.76887	0.33491
60	80	70	32	358	98	0.07547	0.84434	0.23113
80	100	90	40	398	66	0.09434	0.93868	0.15566
100	120	110	10	408	26	0.02358	0.96226	0.06132
120	140	130	4	412	16	0.00943	0.97170	0.03774
140	160	150	8	420	12	0.01887	0.99057	0.02830
160	180	170	0	420	4	0.00000	0.99057	0.00943
180	200	190	0	420	4	0.00000	0.99057	0.00943
200	220	210	0	420	4	0.00000	0.99057	0.00943
220	240	230	4	424	4	0.00943	1.00000	0.00943
; Statistics:
; -----------
; class interval     	20
; classes            	29
; count              	424
; sum                	-2762
; mean               	-6.51415
; median class       	[-40..-20[
; var                	6.67e+03
; std                	81.6741
; min                	-334.5
; max                	223.5
; range              	558
; Host name	biow
; Job started	2014-10-08.084627
; Job done	2014-10-08.084627
; Seconds	0.21
;	user	0.21
;	system	0.03
;	cuser	0
;	csystem	0
