; matrix-scan  -v 1 -quick -seq_format fasta -i $RSAT/public_html/tmp/apache/2014/10/07/peak-motifs.2014-10-07.093009_2014-10-07.093009_rKpHEN/data/sequences/peak-motifs_test.fasta -matrix_format transfac -m $RSAT/public_html/tmp/apache/2014/10/07/peak-motifs.2014-10-07.093009_2014-10-07.093009_rKpHEN/results/discovered_motifs/positions_7nt_m5/peak-motifs_positions_7nt_m5.tf -pseudo 1 -2str -decimals 1 -bg_pseudo 0.01 -n score -lth score -5 -bginput -markov 1 -return distrib -return occ_proba -o $RSAT/public_html/tmp/apache/2014/10/07/peak-motifs.2014-10-07.093009_2014-10-07.093009_rKpHEN/results/discovered_motifs/positions_7nt_m5/peak-motifs_positions_7nt_m5_scan_mkv1_enrichment.tab
; Quick counting mode          
; Input files
;	input	/vh/rsat/rsat/public_html/tmp/apache/2014/10/07/peak-motifs.2014-10-07.093009_2014-10-07.093009_rKpHEN/data/sequences/peak-motifs_test.fasta
; Matrix files
;	matrix 1	/vh/rsat/rsat/public_html/tmp/apache/2014/10/07/peak-motifs.2014-10-07.093009_2014-10-07.093009_rKpHEN/results/discovered_motifs/positions_7nt_m5/peak-motifs_positions_7nt_m5.tf
; Sequence format      	fasta
; Output files
;	output	/vh/rsat/rsat/public_html/tmp/apache/2014/10/07/peak-motifs.2014-10-07.093009_2014-10-07.093009_rKpHEN/results/discovered_motifs/positions_7nt_m5/peak-motifs_positions_7nt_m5_scan_mkv1_enrichment.tab
; Pseudo counts        	1
; Background model
;	Method        	input
;	Markov order  	1
;	Strand        	undef
;	Background pseudo-frequency	0.01
;	Residue probabilities
;		a	0.26589
;		c	0.23416
;		g	0.23390
;		t	0.26605
; Thresholds	lower	upper
;	score 	-5   	NA
;
; Matrices
;	matrix	name            	ncol	nrow	pseudo	Wmin	Wmax	Wrange
;	1	positions_7nt_m5	14	4	1	-32.200	13.600	45.800	a:0.266 c:0.234 g:0.234 t:0.266 
;
; Score distribution
#matrix	score	occ	occ_cum	inv_cum	inv_cum_freq	occ_prior	exp_occ	occ_Pval	occ_Eval	occ_sig	occ_sig_rank
positions_7nt_m5	-5.0	4178	2643655	126571	4.568979e-02	4.671276e-02	129404.85	1.000000e+00	1.710000e+02	-2.23	1
positions_7nt_m5	-4.9	4046	2647701	122525	4.422926e-02	4.501142e-02	124691.77	1.000000e+00	1.710000e+02	-2.23	2
positions_7nt_m5	-4.8	3883	2651584	118642	4.282757e-02	4.365336e-02	120929.63	1.000000e+00	1.710000e+02	-2.23	3
positions_7nt_m5	-4.7	3894	2655478	114748	4.142191e-02	4.204242e-02	116466.97	9.999999e-01	1.710000e+02	-2.23	4
positions_7nt_m5	-4.6	3807	2659285	110941	4.004765e-02	4.061868e-02	112522.89	9.999993e-01	1.709999e+02	-2.23	5
positions_7nt_m5	-4.5	3629	2662914	107312	3.873765e-02	3.936661e-02	109054.36	1.000000e+00	1.710000e+02	-2.23	6
positions_7nt_m5	-4.4	3547	2666461	103765	3.745725e-02	3.788233e-02	104942.57	9.998979e-01	1.709825e+02	-2.23	7
positions_7nt_m5	-4.3	3450	2669911	100315	3.621186e-02	3.670220e-02	101673.37	9.999932e-01	1.709988e+02	-2.23	8
positions_7nt_m5	-4.2	3347	2673258	96968	3.500365e-02	3.543006e-02	98149.24	9.999404e-01	1.709898e+02	-2.23	9
positions_7nt_m5	-4.1	3318	2676576	93650	3.380592e-02	3.407387e-02	94392.30	9.931029e-01	1.698206e+02	-2.23	10
positions_7nt_m5	-4.0	3147	2679723	90503	3.266991e-02	3.298963e-02	91388.70	9.985830e-01	1.707577e+02	-2.23	11
positions_7nt_m5	-3.9	3111	2682834	87392	3.154690e-02	3.170550e-02	87831.36	9.343470e-01	1.597733e+02	-2.20	12
positions_7nt_m5	-3.8	3032	2685866	84360	3.045240e-02	3.057545e-02	84700.88	8.832856e-01	1.510418e+02	-2.18	13
positions_7nt_m5	-3.7	2809	2688675	81551	2.943840e-02	2.947659e-02	81656.79	6.469482e-01	1.106281e+02	-2.04	14
positions_7nt_m5	-3.6	2761	2691436	78790	2.844173e-02	2.851915e-02	79004.46	7.810351e-01	1.335570e+02	-2.13	15
positions_7nt_m5	-3.5	2663	2694099	76127	2.748044e-02	2.748863e-02	76149.70	5.337341e-01	9.126854e+01	-1.96	16
positions_7nt_m5	-3.4	2694	2696793	73433	2.650796e-02	2.638502e-02	73092.43	1.012593e-01	1.731535e+01	-1.24	17
positions_7nt_m5	-3.3	2539	2699332	70894	2.559142e-02	2.541800e-02	70413.57	3.357581e-02	5.741464e+00	-0.76	18
positions_7nt_m5	-3.2	2480	2701812	68414	2.469619e-02	2.457193e-02	68069.78	9.119257e-02	1.559393e+01	-1.19	19
positions_7nt_m5	-3.1	2312	2704124	66102	2.386160e-02	2.366163e-02	65548.04	1.442852e-02	2.467277e+00	-0.39	20
positions_7nt_m5	-3.0	2326	2706450	63776	2.302196e-02	2.278348e-02	63115.37	3.974823e-03	6.796947e-01	0.17	21
positions_7nt_m5	-2.9	2216	2708666	61560	2.222202e-02	2.185205e-02	60535.09	1.340524e-05	2.292297e-03	2.64	22
positions_7nt_m5	-2.8	2167	2710833	59393	2.143977e-02	2.103186e-02	58262.98	1.206693e-06	2.063446e-04	3.69	23
positions_7nt_m5	-2.7	2039	2712872	57354	2.070373e-02	2.024011e-02	56069.67	2.408682e-08	4.118846e-06	5.39	24
positions_7nt_m5	-2.6	2022	2714894	55332	1.997383e-02	1.955181e-02	54162.92	2.163400e-07	3.699414e-05	4.43	25
positions_7nt_m5	-2.5	1897	2716791	53435	1.928905e-02	1.881048e-02	52109.25	2.649831e-09	4.531211e-07	6.34	26
positions_7nt_m5	-2.4	1990	2718781	51445	1.857069e-02	1.802334e-02	49928.69	4.784487e-12	8.181473e-10	9.09	27
positions_7nt_m5	-2.3	1809	2720590	49636	1.791768e-02	1.733278e-02	48015.71	5.984344e-14	1.023323e-11	10.99	28
positions_7nt_m5	-2.2	1813	2722403	47823	1.726322e-02	1.672959e-02	46344.73	2.835590e-12	4.848858e-10	9.31	29
positions_7nt_m5	-2.1	1699	2724102	46124	1.664991e-02	1.607878e-02	44541.84	2.896109e-14	4.952346e-12	11.31	30
positions_7nt_m5	-2.0	1707	2725809	44417	1.603372e-02	1.544793e-02	42794.25	1.988370e-15	3.400112e-13	12.47	31
positions_7nt_m5	-1.9	1678	2727487	42739	1.542799e-02	1.483707e-02	41102.01	3.210258e-16	5.489541e-14	13.26	32
positions_7nt_m5	-1.8	1587	2729074	41152	1.485511e-02	1.418627e-02	39299.15	4.801962e-21	8.211355e-19	18.09	33
positions_7nt_m5	-1.7	1586	2730660	39566	1.428259e-02	1.361147e-02	37706.83	5.779738e-22	9.883352e-20	19.01	34
positions_7nt_m5	-1.6	1532	2732192	38034	1.372957e-02	1.310992e-02	36317.44	1.168199e-19	1.997620e-17	16.70	35
positions_7nt_m5	-1.5	1465	2733657	36569	1.320073e-02	1.251610e-02	34672.40	1.528368e-24	2.613510e-22	21.58	36
positions_7nt_m5	-1.4	1341	2734998	35228	1.271666e-02	1.204566e-02	33369.18	1.762271e-24	3.013483e-22	21.52	37
positions_7nt_m5	-1.3	1342	2736340	33886	1.223222e-02	1.148962e-02	31828.84	8.763321e-31	1.498528e-28	27.82	38
positions_7nt_m5	-1.2	1406	2737746	32480	1.172468e-02	1.105000e-02	30610.99	1.027121e-26	1.756377e-24	23.76	39
positions_7nt_m5	-1.1	1229	2738975	31251	1.128103e-02	1.057978e-02	29308.38	7.823197e-30	1.337767e-27	26.87	40
positions_7nt_m5	-1.0	1202	2740177	30049	1.084713e-02	1.007945e-02	27922.34	6.876885e-37	1.175947e-34	33.93	41
positions_7nt_m5	-0.9	1235	2741412	28814	1.040132e-02	9.686828e-03	26834.69	1.858981e-33	3.178858e-31	30.50	42
positions_7nt_m5	-0.8	1159	2742571	27655	9.982944e-03	9.263805e-03	25662.82	2.874759e-35	4.915837e-33	32.31	43
positions_7nt_m5	-0.7	1129	2743700	26526	9.575396e-03	8.818651e-03	24429.65	1.406927e-40	2.405846e-38	37.62	44
positions_7nt_m5	-0.6	1026	2744726	25500	9.205028e-03	8.429529e-03	23351.69	2.786516e-44	4.764942e-42	41.32	45
positions_7nt_m5	-0.5	1031	2745757	24469	8.832857e-03	8.058115e-03	22322.79	4.562250e-46	7.801448e-44	43.11	46
positions_7nt_m5	-0.4	969	2746726	23500	8.483065e-03	7.698944e-03	21327.81	3.851839e-49	6.586645e-47	46.18	47
positions_7nt_m5	-0.3	960	2747686	22540	8.136523e-03	7.389530e-03	20470.66	1.423678e-46	2.434489e-44	43.61	48
positions_7nt_m5	-0.2	949	2748635	21591	7.793952e-03	7.056069e-03	19546.90	1.758765e-47	3.007488e-45	44.52	49
positions_7nt_m5	-0.1	782	2749417	20809	7.511664e-03	6.736816e-03	18662.50	2.489327e-54	4.256749e-52	51.37	50
positions_7nt_m5	0.0	811	2750228	19998	7.218908e-03	6.401994e-03	17734.96	6.211305e-63	1.062133e-60	59.97	51
positions_7nt_m5	0.1	811	2751039	19187	6.926152e-03	6.139433e-03	17007.61	6.602768e-61	1.129073e-58	57.95	52
positions_7nt_m5	0.2	793	2751832	18394	6.639894e-03	5.829675e-03	16149.51	1.518419e-67	2.596497e-65	64.59	53
positions_7nt_m5	0.3	755	2752587	17639	6.367353e-03	5.560706e-03	15404.41	5.833136e-70	9.974663e-68	67.00	54
positions_7nt_m5	0.4	716	2753303	16923	6.108890e-03	5.303576e-03	14692.10	7.547778e-73	1.290670e-70	69.89	55
positions_7nt_m5	0.5	699	2754002	16224	5.856564e-03	5.083051e-03	14081.20	3.502778e-70	5.989750e-68	67.22	56
positions_7nt_m5	0.6	650	2754652	15574	5.621926e-03	4.848933e-03	13432.64	3.377015e-73	5.774695e-71	70.24	57
positions_7nt_m5	0.7	652	2755304	14922	5.386566e-03	4.622467e-03	12805.27	7.931745e-75	1.356328e-72	71.87	58
positions_7nt_m5	0.8	624	2755928	14298	5.161314e-03	4.407455e-03	12209.64	3.372188e-76	5.766442e-74	73.24	59
positions_7nt_m5	0.9	606	2756534	13692	4.942559e-03	4.182846e-03	11587.42	4.028410e-81	6.888581e-79	78.16	60
positions_7nt_m5	1.0	549	2757083	13143	4.744380e-03	3.985107e-03	11039.64	1.046383e-84	1.789315e-82	81.75	61
positions_7nt_m5	1.1	528	2757611	12615	4.553782e-03	3.815782e-03	10570.58	1.598983e-83	2.734261e-81	80.56	62
positions_7nt_m5	1.2	554	2758165	12061	4.353798e-03	3.617962e-03	10022.57	3.366310e-87	5.756390e-85	84.24	63
positions_7nt_m5	1.3	501	2758666	11560	4.172946e-03	3.444340e-03	9541.60	1.635414e-89	2.796558e-87	86.55	64
positions_7nt_m5	1.4	492	2759158	11068	3.995343e-03	3.294700e-03	9127.06	1.450600e-86	2.480525e-84	83.61	65
positions_7nt_m5	1.5	463	2759621	10605	3.828209e-03	3.117595e-03	8636.44	1.727099e-93	2.953340e-91	90.53	66
positions_7nt_m5	1.6	458	2760079	10147	3.662879e-03	2.975481e-03	8242.75	1.314608e-91	2.247979e-89	88.65	67
positions_7nt_m5	1.7	439	2760518	9708	3.504408e-03	2.811258e-03	7787.82	5.661357e-98	9.680921e-96	95.01	68
positions_7nt_m5	1.8	439	2760957	9269	3.345938e-03	2.681288e-03	7427.77	1.764655e-94	3.017559e-92	91.52	69
positions_7nt_m5	1.9	429	2761386	8840	3.191077e-03	2.542681e-03	7043.80	1.319600e-94	2.256516e-92	91.65	70
positions_7nt_m5	2.0	409	2761795	8431	3.043435e-03	2.395291e-03	6635.49	9.125563e-100	1.560471e-97	96.81	71
positions_7nt_m5	2.1	368	2762163	8063	2.910594e-03	2.268181e-03	6283.37	4.808073e-103	8.221806e-101	100.09	72
positions_7nt_m5	2.2	371	2762534	7692	2.776670e-03	2.145584e-03	5943.75	9.436320e-105	1.613611e-102	101.79	73
positions_7nt_m5	2.3	342	2762876	7350	2.653214e-03	2.029371e-03	5621.81	9.603175e-108	1.642143e-105	104.78	74
positions_7nt_m5	2.4	337	2763213	7013	2.531563e-03	1.929071e-03	5343.96	1.310643e-105	2.241200e-103	102.65	75
positions_7nt_m5	2.5	328	2763541	6685	2.413161e-03	1.822638e-03	5049.12	5.441379e-107	9.304759e-105	104.03	76
positions_7nt_m5	2.6	314	2763855	6371	2.299813e-03	1.711085e-03	4740.09	1.605052e-112	2.744640e-110	109.56	77
positions_7nt_m5	2.7	298	2764153	6073	2.192241e-03	1.616508e-03	4478.09	1.692536e-113	2.894237e-111	110.54	78
positions_7nt_m5	2.8	306	2764459	5767	2.081780e-03	1.536358e-03	4256.06	2.532949e-107	4.331343e-105	104.36	79
positions_7nt_m5	2.9	274	2764733	5493	1.982871e-03	1.449970e-03	4016.74	3.681265e-108	6.294963e-106	105.20	80
positions_7nt_m5	3.0	249	2764982	5244	1.892987e-03	1.369913e-03	3794.97	7.880685e-110	1.347597e-107	106.87	81
positions_7nt_m5	3.1	248	2765230	4996	1.803464e-03	1.287435e-03	3566.48	4.358065e-113	7.452291e-111	110.13	82
positions_7nt_m5	3.2	228	2765458	4768	1.721160e-03	1.217082e-03	3371.59	1.007623e-113	1.723035e-111	110.76	83
positions_7nt_m5	3.3	217	2765675	4551	1.642827e-03	1.148906e-03	3182.73	3.761557e-115	6.432262e-113	112.19	84
positions_7nt_m5	3.4	244	2765919	4307	1.554747e-03	1.091873e-03	3024.73	9.758363e-107	1.668680e-104	103.78	85
positions_7nt_m5	3.5	219	2766138	4088	1.475692e-03	1.031210e-03	2856.68	4.549664e-104	7.779926e-102	101.11	86
positions_7nt_m5	3.6	219	2766357	3869	1.396637e-03	9.680040e-04	2681.59	8.405042e-103	1.437262e-100	99.84	87
positions_7nt_m5	3.7	195	2766552	3674	1.326246e-03	9.128261e-04	2528.73	3.533958e-101	6.043068e-99	98.22	88
positions_7nt_m5	3.8	176	2766728	3498	1.262713e-03	8.665201e-04	2400.46	7.585702e-98	1.297155e-95	94.89	89
positions_7nt_m5	3.9	178	2766906	3320	1.198459e-03	8.171828e-04	2263.78	6.775879e-96	1.158675e-93	92.94	90
positions_7nt_m5	4.0	181	2767087	3139	1.133121e-03	7.699867e-04	2133.04	2.807796e-92	4.801331e-90	89.32	91
positions_7nt_m5	4.1	147	2767234	2992	1.080057e-03	7.207415e-04	1996.62	9.041806e-96	1.546149e-93	92.81	92
positions_7nt_m5	4.2	151	2767385	2841	1.025548e-03	6.827570e-04	1891.39	5.154028e-92	8.813387e-90	89.05	93
positions_7nt_m5	4.3	147	2767532	2694	9.724842e-04	6.383497e-04	1768.37	5.609318e-93	9.591933e-91	90.02	94
positions_7nt_m5	4.4	145	2767677	2549	9.201419e-04	6.013870e-04	1665.98	9.674712e-90	1.654376e-87	86.78	95
positions_7nt_m5	4.5	141	2767818	2408	8.692435e-04	5.690487e-04	1576.39	2.667658e-84	4.561696e-82	81.34	96
positions_7nt_m5	4.6	131	2767949	2277	8.219549e-04	5.320102e-04	1473.79	9.216550e-84	1.576030e-81	80.80	97
positions_7nt_m5	4.7	119	2768068	2158	7.789981e-04	5.036980e-04	1395.36	7.914651e-80	1.353405e-77	76.87	98
positions_7nt_m5	4.8	102	2768170	2056	7.421780e-04	4.739188e-04	1312.86	3.677013e-80	6.287693e-78	77.20	99
positions_7nt_m5	4.9	96	2768266	1960	7.075238e-04	4.419273e-04	1224.24	1.859310e-83	3.179420e-81	80.50	100
positions_7nt_m5	5.0	92	2768358	1868	6.743135e-04	4.169827e-04	1155.14	1.005174e-82	1.718848e-80	79.76	101
positions_7nt_m5	5.1	94	2768452	1774	6.403812e-04	3.889792e-04	1077.56	5.139689e-84	8.788869e-82	81.06	102
positions_7nt_m5	5.2	85	2768537	1689	6.096978e-04	3.658048e-04	1013.36	1.106424e-83	1.891985e-81	80.72	103
positions_7nt_m5	5.3	95	2768632	1594	5.754045e-04	3.390500e-04	939.24	3.557096e-84	6.082634e-82	81.22	104
positions_7nt_m5	5.4	79	2768711	1515	5.468870e-04	3.161215e-04	875.73	2.233009e-85	3.818445e-83	82.42	105
positions_7nt_m5	5.5	84	2768795	1431	5.165645e-04	2.973633e-04	823.76	7.550562e-82	1.291146e-79	78.89	106
positions_7nt_m5	5.6	67	2768862	1364	4.923788e-04	2.747970e-04	761.25	4.426051e-86	7.568548e-84	83.12	107
positions_7nt_m5	5.7	84	2768946	1280	4.620563e-04	2.569308e-04	711.76	8.203639e-82	1.402822e-79	78.85	108
positions_7nt_m5	5.8	63	2769009	1217	4.393145e-04	2.380112e-04	659.34	4.165716e-84	7.123375e-82	81.15	109
positions_7nt_m5	5.9	64	2769073	1153	4.162117e-04	2.187327e-04	605.94	6.400512e-87	1.094488e-84	83.96	110
positions_7nt_m5	6.0	63	2769136	1090	3.934698e-04	2.042273e-04	565.76	4.213448e-85	7.204997e-83	82.14	111
positions_7nt_m5	6.1	80	2769216	1010	3.645913e-04	1.879986e-04	520.80	2.104399e-80	3.598522e-78	77.44	112
positions_7nt_m5	6.2	64	2769280	946	3.414885e-04	1.753817e-04	485.85	3.059334e-76	5.231461e-74	73.28	113
positions_7nt_m5	6.3	83	2769363	863	3.115270e-04	1.609526e-04	445.88	1.209363e-68	2.068011e-66	65.68	114
positions_7nt_m5	6.4	48	2769411	815	2.941999e-04	1.494524e-04	414.02	7.253983e-68	1.240431e-65	64.91	115
positions_7nt_m5	6.5	58	2769469	757	2.732630e-04	1.399340e-04	387.65	6.926910e-62	1.184502e-59	58.93	116
positions_7nt_m5	6.6	46	2769515	711	2.566579e-04	1.292259e-04	357.98	7.924723e-61	1.355128e-58	57.87	117
positions_7nt_m5	6.7	37	2769552	674	2.433015e-04	1.208544e-04	334.79	9.399762e-60	1.607359e-57	56.79	118
positions_7nt_m5	6.8	38	2769590	636	2.295842e-04	1.128934e-04	312.74	6.479159e-58	1.107936e-55	54.96	119
positions_7nt_m5	6.9	47	2769637	589	2.126181e-04	1.049135e-04	290.63	2.481256e-53	4.242948e-51	50.37	120
positions_7nt_m5	7.0	27	2769664	562	2.028716e-04	9.841749e-05	272.64	4.194169e-53	7.172029e-51	50.14	121
positions_7nt_m5	7.1	38	2769702	524	1.891543e-04	9.126815e-05	252.83	2.765654e-50	4.729268e-48	47.33	122
positions_7nt_m5	7.2	32	2769734	492	1.776029e-04	8.609576e-05	238.50	8.118348e-47	1.388237e-44	43.86	123
positions_7nt_m5	7.3	33	2769767	459	1.656905e-04	7.969707e-05	220.78	1.291846e-44	2.209057e-42	41.66	124
positions_7nt_m5	7.4	25	2769792	434	1.566660e-04	7.388843e-05	204.69	3.059431e-44	5.231627e-42	41.28	125
positions_7nt_m5	7.5	22	2769814	412	1.487244e-04	6.894392e-05	190.99	9.563052e-44	1.635282e-41	40.79	126
positions_7nt_m5	7.6	25	2769839	387	1.396998e-04	6.328944e-05	175.33	2.612450e-43	4.467290e-41	40.35	127
positions_7nt_m5	7.7	32	2769871	355	1.281484e-04	5.891455e-05	163.21	1.185589e-38	2.027358e-36	35.69	128
positions_7nt_m5	7.8	25	2769896	330	1.191239e-04	5.456616e-05	151.16	2.383127e-36	4.075148e-34	33.39	129
positions_7nt_m5	7.9	12	2769908	318	1.147921e-04	4.951309e-05	137.16	9.909930e-40	1.694598e-37	36.77	130
positions_7nt_m5	8.0	24	2769932	294	1.061286e-04	4.565397e-05	126.47	4.522037e-37	7.732683e-35	34.11	131
positions_7nt_m5	8.1	21	2769953	273	9.854795e-05	4.192540e-05	116.14	2.582971e-35	4.416880e-33	32.35	132
positions_7nt_m5	8.2	18	2769971	255	9.205028e-05	3.856557e-05	106.84	4.276950e-34	7.313585e-32	31.14	133
positions_7nt_m5	8.3	12	2769983	243	8.771851e-05	3.505236e-05	97.10	1.525204e-35	2.608099e-33	32.58	134
positions_7nt_m5	8.4	12	2769995	231	8.338673e-05	3.212553e-05	88.99	4.053565e-36	6.931596e-34	33.16	135
positions_7nt_m5	8.5	17	2770012	214	7.725004e-05	2.960082e-05	82.00	6.563682e-34	1.122390e-31	30.95	136
positions_7nt_m5	8.6	17	2770029	197	7.111336e-05	2.739826e-05	75.90	4.486057e-31	7.671157e-29	28.12	137
positions_7nt_m5	8.7	10	2770039	187	6.750354e-05	2.507825e-05	69.47	1.947046e-31	3.329449e-29	28.48	138
positions_7nt_m5	8.8	13	2770052	174	6.281078e-05	2.290082e-05	63.44	2.790950e-30	4.772525e-28	27.32	139
positions_7nt_m5	8.9	12	2770064	162	5.847900e-05	2.092400e-05	57.96	3.612249e-29	6.176946e-27	26.21	140
positions_7nt_m5	9.0	8	2770072	154	5.559115e-05	1.904913e-05	52.77	1.045925e-29	1.788532e-27	26.75	141
positions_7nt_m5	9.1	10	2770082	144	5.198134e-05	1.741772e-05	48.25	7.938193e-29	1.357431e-26	25.87	142
positions_7nt_m5	9.2	10	2770092	134	4.837152e-05	1.589076e-05	44.02	1.006639e-27	1.721352e-25	24.76	143
positions_7nt_m5	9.3	17	2770109	117	4.223484e-05	1.421907e-05	39.39	1.347646e-23	2.304475e-21	20.64	144
positions_7nt_m5	9.4	9	2770118	108	3.898600e-05	1.248571e-05	34.59	1.679626e-23	2.872160e-21	20.54	145
positions_7nt_m5	9.5	10	2770128	98	3.537619e-05	1.113572e-05	30.85	5.421587e-22	9.270914e-20	19.03	146
positions_7nt_m5	9.6	9	2770137	89	3.212735e-05	1.000370e-05	27.71	2.012285e-20	3.441008e-18	17.46	147
positions_7nt_m5	9.7	3	2770140	86	3.104441e-05	8.894676e-06	24.64	5.490667e-22	9.389041e-20	19.03	148
positions_7nt_m5	9.8	15	2770155	71	2.562969e-05	7.746123e-06	21.46	2.799219e-17	4.786665e-15	14.32	149
positions_7nt_m5	9.9	11	2770166	60	2.165889e-05	6.689202e-06	18.53	1.825090e-14	3.120904e-12	11.51	150
positions_7nt_m5	10.0	9	2770175	51	1.841006e-05	5.753859e-06	15.94	2.346655e-12	4.012781e-10	9.40	151
positions_7nt_m5	10.1	9	2770184	42	1.516122e-05	5.199033e-06	14.40	2.669880e-09	4.565496e-07	6.34	152
positions_7nt_m5	10.2	6	2770190	36	1.299533e-05	4.724058e-06	13.09	1.374674e-07	2.350693e-05	4.63	153
positions_7nt_m5	10.3	5	2770195	31	1.119043e-05	4.181342e-06	11.58	1.676558e-06	2.866914e-04	3.54	154
positions_7nt_m5	10.4	3	2770198	28	1.010748e-05	3.756421e-06	10.41	4.671831e-06	7.988831e-04	3.10	155
positions_7nt_m5	10.6	5	2770203	23	8.302575e-06	3.278852e-06	9.08	7.637611e-05	1.306031e-02	1.88	156
positions_7nt_m5	10.7	1	2770204	22	7.941593e-06	3.128021e-06	8.67	1.039047e-04	1.776770e-02	1.75	157
positions_7nt_m5	10.9	3	2770207	19	6.858649e-06	2.818996e-06	7.81	4.904288e-04	8.386333e-02	1.08	158
positions_7nt_m5	11.0	1	2770208	18	6.497667e-06	2.630136e-06	7.29	5.714498e-04	9.771792e-02	1.01	159
positions_7nt_m5	11.1	2	2770210	16	5.775704e-06	2.462708e-06	6.82	1.874852e-03	3.205997e-01	0.49	160
positions_7nt_m5	11.2	1	2770211	15	5.414723e-06	2.321343e-06	6.43	2.679551e-03	4.582032e-01	0.34	161
positions_7nt_m5	11.3	1	2770212	14	5.053741e-06	2.173543e-06	6.02	3.740064e-03	6.395510e-01	0.19	162
positions_7nt_m5	11.4	2	2770214	12	4.331778e-06	1.937942e-06	5.37	9.232805e-03	1.578810e+00	-0.20	163
positions_7nt_m5	11.5	1	2770215	11	3.970797e-06	1.736237e-06	4.81	1.056134e-02	1.805988e+00	-0.26	164
positions_7nt_m5	11.6	2	2770217	9	3.248834e-06	1.500992e-06	4.16	2.645120e-02	4.523155e+00	-0.66	165
positions_7nt_m5	11.7	1	2770218	8	2.887852e-06	1.202836e-06	3.33	2.079712e-02	3.556307e+00	-0.55	166
positions_7nt_m5	11.8	2	2770220	6	2.165889e-06	1.007635e-06	2.79	6.436050e-02	1.100564e+01	-1.04	167
positions_7nt_m5	12.0	2	2770222	4	1.443926e-06	6.894322e-07	1.91	1.269922e-01	2.171567e+01	-1.34	168
positions_7nt_m5	12.1	2	2770224	2	7.219630e-07	5.235524e-07	1.45	4.254246e-01	7.274760e+01	-1.86	169
positions_7nt_m5	12.5	1	2770225	1	3.609815e-07	9.271223e-08	0.26	2.265032e-01	3.873205e+01	-1.59	170
positions_7nt_m5	12.9	1	2770226	0	0.000000e+00	2.352650e-08	0.07	1.000000e+00	1.710000e+02	-2.23	171
; Number of sequences scanned	7041
; Sum of sequence lengths	1476646
; N residues           	0
; Matches per matrix
;	matrix	name            	matches	scored
;	1	positions_7nt_m5	2770225	2770225
;		TOTAL          	2770225	2770225
; Host name	biow
; Job started	2014-10-07.094248
; Job done	2014-10-07.094254
; Seconds	3.51
;	user	3.51
;	system	0.04
;	cuser	0.28
;	csystem	0.02
