; classfreq  -v 1 -ci 20 -o $RSAT/public_html/tmp/apache/2014/10/07/peak-motifs.2014-10-07.093009_2014-10-07.093009_rKpHEN/results/discovered_motifs/positions_6nt_m4/peak-motifs_positions_6nt_m4_site_distrib.tab
;	min                 	minimum of class interval (inclusive)
;	max                 	maximum of class interval (exclusive)
;	center              	center of class interval
;	n                   	occurrences
;	n_cum               	cumulative occurrences (inclusive)
;	n_dcum              	decreasing cumulative occurrences (inclusive)
;	f                   	frequencies
;	f_cum               	cumulative frequencies (inclusive)
;	f_dcum              	decreasing cumulative frequencies (inclusive)
#[min	max[	center	n	n_cum	n_dcum	f	f_cum	f_dcum
-320	-300	-310	2	2	441	0.00454	0.00454	1.00000
-300	-280	-290	0	2	439	0.00000	0.00454	0.99546
-280	-260	-270	0	2	439	0.00000	0.00454	0.99546
-260	-240	-250	0	2	439	0.00000	0.00454	0.99546
-240	-220	-230	0	2	439	0.00000	0.00454	0.99546
-220	-200	-210	1	3	439	0.00227	0.00680	0.99546
-200	-180	-190	1	4	438	0.00227	0.00907	0.99320
-180	-160	-170	1	5	437	0.00227	0.01134	0.99093
-160	-140	-150	6	11	436	0.01361	0.02494	0.98866
-140	-120	-130	4	15	430	0.00907	0.03401	0.97506
-120	-100	-110	3	18	426	0.00680	0.04082	0.96599
-100	-80	-90	11	29	423	0.02494	0.06576	0.95918
-80	-60	-70	17	46	412	0.03855	0.10431	0.93424
-60	-40	-50	45	91	395	0.10204	0.20635	0.89569
-40	-20	-30	75	166	350	0.17007	0.37642	0.79365
-20	0	-10	90	256	275	0.20408	0.58050	0.62358
0	20	10	67	323	185	0.15193	0.73243	0.41950
20	40	30	54	377	118	0.12245	0.85488	0.26757
40	60	50	20	397	64	0.04535	0.90023	0.14512
60	80	70	18	415	44	0.04082	0.94104	0.09977
80	100	90	13	428	26	0.02948	0.97052	0.05896
100	120	110	5	433	13	0.01134	0.98186	0.02948
120	140	130	2	435	8	0.00454	0.98639	0.01814
140	160	150	2	437	6	0.00454	0.99093	0.01361
160	180	170	3	440	4	0.00680	0.99773	0.00907
180	200	190	0	440	1	0.00000	0.99773	0.00227
200	220	210	0	440	1	0.00000	0.99773	0.00227
220	240	230	0	440	1	0.00000	0.99773	0.00227
240	260	250	0	440	1	0.00000	0.99773	0.00227
260	280	270	1	441	1	0.00227	1.00000	0.00227
; Statistics:
; -----------
; class interval     	20
; classes            	30
; count              	441
; sum                	-3086
; mean               	-6.99773
; median class       	[-40..-20[
; var                	3.35e+03
; std                	57.9007
; min                	-318
; max                	273
; range              	591
; Host name	biow
; Job started	2014-10-07.094054
; Job done	2014-10-07.094054
; Seconds	0.23
;	user	0.23
;	system	0.01
;	cuser	0
;	csystem	0
