; classfreq  -v 1 -ci 20 -o $RSAT/public_html/tmp/apache/2014/10/07/peak-motifs.2014-10-07.093009_2014-10-07.093009_rKpHEN/results/discovered_motifs/oligos_7nt_mkv5_m4/peak-motifs_oligos_7nt_mkv5_m4_site_distrib.tab
;	min                 	minimum of class interval (inclusive)
;	max                 	maximum of class interval (exclusive)
;	center              	center of class interval
;	n                   	occurrences
;	n_cum               	cumulative occurrences (inclusive)
;	n_dcum              	decreasing cumulative occurrences (inclusive)
;	f                   	frequencies
;	f_cum               	cumulative frequencies (inclusive)
;	f_dcum              	decreasing cumulative frequencies (inclusive)
#[min	max[	center	n	n_cum	n_dcum	f	f_cum	f_dcum
-300	-280	-290	1	1	813	0.00123	0.00123	1.00000
-280	-260	-270	1	2	812	0.00123	0.00246	0.99877
-260	-240	-250	0	2	811	0.00000	0.00246	0.99754
-240	-220	-230	2	4	811	0.00246	0.00492	0.99754
-220	-200	-210	1	5	809	0.00123	0.00615	0.99508
-200	-180	-190	2	7	808	0.00246	0.00861	0.99385
-180	-160	-170	6	13	806	0.00738	0.01599	0.99139
-160	-140	-150	12	25	800	0.01476	0.03075	0.98401
-140	-120	-130	12	37	788	0.01476	0.04551	0.96925
-120	-100	-110	23	60	776	0.02829	0.07380	0.95449
-100	-80	-90	32	92	753	0.03936	0.11316	0.92620
-80	-60	-70	54	146	721	0.06642	0.17958	0.88684
-60	-40	-50	84	230	667	0.10332	0.28290	0.82042
-40	-20	-30	95	325	583	0.11685	0.39975	0.71710
-20	0	-10	98	423	488	0.12054	0.52030	0.60025
0	20	10	80	503	390	0.09840	0.61870	0.47970
20	40	30	81	584	310	0.09963	0.71833	0.38130
40	60	50	85	669	229	0.10455	0.82288	0.28167
60	80	70	47	716	144	0.05781	0.88069	0.17712
80	100	90	30	746	97	0.03690	0.91759	0.11931
100	120	110	17	763	67	0.02091	0.93850	0.08241
120	140	130	20	783	50	0.02460	0.96310	0.06150
140	160	150	7	790	30	0.00861	0.97171	0.03690
160	180	170	11	801	23	0.01353	0.98524	0.02829
180	200	190	4	805	12	0.00492	0.99016	0.01476
200	220	210	3	808	8	0.00369	0.99385	0.00984
220	240	230	1	809	5	0.00123	0.99508	0.00615
240	260	250	0	809	4	0.00000	0.99508	0.00492
260	280	270	3	812	4	0.00369	0.99877	0.00492
280	300	290	0	812	1	0.00000	0.99877	0.00123
300	320	310	1	813	1	0.00123	1.00000	0.00123
; Statistics:
; -----------
; class interval     	20
; classes            	31
; count              	813
; sum                	-194
; mean               	-0.238622
; median class       	[-40..-20[
; var                	5.58e+03
; std                	74.7231
; min                	-296
; max                	303
; range              	599
; Host name	biow
; Job started	2014-10-07.094142
; Job done	2014-10-07.094142
; Seconds	0.23
;	user	0.23
;	system	0.01
;	cuser	0
;	csystem	0
