; classfreq  -v 1 -ci 20 -o $RSAT/public_html/tmp/apache/2014/10/07/peak-motifs.2014-10-07.093009_2014-10-07.093009_rKpHEN/results/discovered_motifs/oligos_6nt_mkv4_m4/peak-motifs_oligos_6nt_mkv4_m4_site_distrib.tab
;	min                 	minimum of class interval (inclusive)
;	max                 	maximum of class interval (exclusive)
;	center              	center of class interval
;	n                   	occurrences
;	n_cum               	cumulative occurrences (inclusive)
;	n_dcum              	decreasing cumulative occurrences (inclusive)
;	f                   	frequencies
;	f_cum               	cumulative frequencies (inclusive)
;	f_dcum              	decreasing cumulative frequencies (inclusive)
#[min	max[	center	n	n_cum	n_dcum	f	f_cum	f_dcum
-320	-300	-310	2	2	912	0.00219	0.00219	1.00000
-300	-280	-290	0	2	910	0.00000	0.00219	0.99781
-280	-260	-270	0	2	910	0.00000	0.00219	0.99781
-260	-240	-250	0	2	910	0.00000	0.00219	0.99781
-240	-220	-230	2	4	910	0.00219	0.00439	0.99781
-220	-200	-210	1	5	908	0.00110	0.00548	0.99561
-200	-180	-190	2	7	907	0.00219	0.00768	0.99452
-180	-160	-170	6	13	905	0.00658	0.01425	0.99232
-160	-140	-150	11	24	899	0.01206	0.02632	0.98575
-140	-120	-130	12	36	888	0.01316	0.03947	0.97368
-120	-100	-110	19	55	876	0.02083	0.06031	0.96053
-100	-80	-90	38	93	857	0.04167	0.10197	0.93969
-80	-60	-70	55	148	819	0.06031	0.16228	0.89803
-60	-40	-50	93	241	764	0.10197	0.26425	0.83772
-40	-20	-30	137	378	671	0.15022	0.41447	0.73575
-20	0	-10	159	537	534	0.17434	0.58882	0.58553
0	20	10	113	650	375	0.12390	0.71272	0.41118
20	40	30	107	757	262	0.11732	0.83004	0.28728
40	60	50	49	806	155	0.05373	0.88377	0.16996
60	80	70	44	850	106	0.04825	0.93202	0.11623
80	100	90	27	877	62	0.02961	0.96162	0.06798
100	120	110	13	890	35	0.01425	0.97588	0.03838
120	140	130	8	898	22	0.00877	0.98465	0.02412
140	160	150	8	906	14	0.00877	0.99342	0.01535
160	180	170	2	908	6	0.00219	0.99561	0.00658
180	200	190	1	909	4	0.00110	0.99671	0.00439
200	220	210	0	909	3	0.00000	0.99671	0.00329
220	240	230	1	910	3	0.00110	0.99781	0.00329
240	260	250	1	911	2	0.00110	0.99890	0.00219
260	280	270	1	912	1	0.00110	1.00000	0.00110
; Statistics:
; -----------
; class interval     	20
; classes            	30
; count              	912
; sum                	-8716
; mean               	-9.55702
; median class       	[-40..-20[
; var                	3.88e+03
; std                	62.3093
; min                	-317
; max                	272
; range              	589
; Host name	biow
; Job started	2014-10-07.093958
; Job done	2014-10-07.093958
; Seconds	0.22
;	user	0.22
;	system	0.02
;	cuser	0
;	csystem	0
