; classfreq  -v 1 -ci 20 -o $RSAT/public_html/tmp/apache/2014/10/08/peak-motifs.2014-10-08.083939_2014-10-08.083939_hIGyA6/results/discovered_motifs/oligos_6nt_mkv4_m1/peak-motifs_oligos_6nt_mkv4_m1_site_distrib.tab
;	min                 	minimum of class interval (inclusive)
;	max                 	maximum of class interval (exclusive)
;	center              	center of class interval
;	n                   	occurrences
;	n_cum               	cumulative occurrences (inclusive)
;	n_dcum              	decreasing cumulative occurrences (inclusive)
;	f                   	frequencies
;	f_cum               	cumulative frequencies (inclusive)
;	f_dcum              	decreasing cumulative frequencies (inclusive)
#[min	max[	center	n	n_cum	n_dcum	f	f_cum	f_dcum
-260	-240	-250	2	2	651	0.00307	0.00307	1.00000
-240	-220	-230	5	7	649	0.00768	0.01075	0.99693
-220	-200	-210	4	11	644	0.00614	0.01690	0.98925
-200	-180	-190	5	16	640	0.00768	0.02458	0.98310
-180	-160	-170	3	19	635	0.00461	0.02919	0.97542
-160	-140	-150	14	33	632	0.02151	0.05069	0.97081
-140	-120	-130	21	54	618	0.03226	0.08295	0.94931
-120	-100	-110	25	79	597	0.03840	0.12135	0.91705
-100	-80	-90	30	109	572	0.04608	0.16743	0.87865
-80	-60	-70	39	148	542	0.05991	0.22734	0.83257
-60	-40	-50	51	199	503	0.07834	0.30568	0.77266
-40	-20	-30	59	258	452	0.09063	0.39631	0.69432
-20	0	-10	66	324	393	0.10138	0.49770	0.60369
0	20	10	60	384	327	0.09217	0.58986	0.50230
20	40	30	65	449	267	0.09985	0.68971	0.41014
40	60	50	59	508	202	0.09063	0.78034	0.31029
60	80	70	33	541	143	0.05069	0.83103	0.21966
80	100	90	38	579	110	0.05837	0.88940	0.16897
100	120	110	23	602	72	0.03533	0.92473	0.11060
120	140	130	19	621	49	0.02919	0.95392	0.07527
140	160	150	11	632	30	0.01690	0.97081	0.04608
160	180	170	9	641	19	0.01382	0.98464	0.02919
180	200	190	3	644	10	0.00461	0.98925	0.01536
200	220	210	3	647	7	0.00461	0.99386	0.01075
220	240	230	2	649	4	0.00307	0.99693	0.00614
240	260	250	0	649	2	0.00000	0.99693	0.00307
260	280	270	0	649	2	0.00000	0.99693	0.00307
280	300	290	0	649	2	0.00000	0.99693	0.00307
300	320	310	2	651	2	0.00307	1.00000	0.00307
; Statistics:
; -----------
; class interval     	20
; classes            	29
; count              	651
; sum                	-114.5
; mean               	-0.175883
; median class       	[-20..0[
; var                	7.35e+03
; std                	85.7046
; min                	-259.5
; max                	307.5
; range              	567
; Host name	biow
; Job started	2014-10-08.084544
; Job done	2014-10-08.084544
; Seconds	0.22
;	user	0.22
;	system	0.02
;	cuser	0
;	csystem	0
